1, 1, 1.007830, 0
1, 2, 2.014100, 1
1, 3, 3.016050, 2
1, 4, 4.027810, 3
1, 5, 5.035310, 4
1, 6, 6.044940, 5
1, 7, 7.052750, 6
2, 3, 3.016030, 1
2, 4, 4.002600, 2
2, 5, 5.012220, 3
2, 6, 6.018890, 4
2, 7, 7.028020, 5
2, 8, 8.033920, 6
2, 9, 9.043950, 7
2, 10, 10.052400, 8
3, 3, 3.030780, 0
3, 4, 4.027190, 1
3, 5, 5.012540, 2
3, 6, 6.015120, 3
3, 7, 7.016000, 4
3, 8, 8.022490, 5
3, 9, 9.026790, 6
3, 10, 10.035480, 7
3, 11, 11.043800, 8
3, 12, 12.053780, 9
4, 5, 5.040790, 1
4, 6, 6.019730, 2
4, 7, 7.016930, 3
4, 8, 8.005310, 4
4, 9, 9.012180, 5
4, 10, 10.013530, 6
4, 11, 11.021660, 7
4, 12, 12.026920, 8
4, 13, 13.035690, 9
4, 14, 14.042890, 10
4, 15, 15.053460, 11
4, 16, 16.061920, 12
5, 6, 6.046810, 1
5, 7, 7.029920, 2
5, 8, 8.024610, 3
5, 9, 9.013330, 4
5, 10, 10.012940, 5
5, 11, 11.009310, 6
5, 12, 12.014350, 7
5, 13, 13.017780, 8
5, 14, 14.025400, 9
5, 15, 15.031100, 10
5, 16, 16.039810, 11
5, 17, 17.046989, 12
5, 18, 18.056170, 13
5, 19, 19.063730, 14
6, 8, 8.037670, 2
6, 9, 9.031040, 3
6, 10, 10.016850, 4
6, 11, 11.011430, 5
6, 12, 12.000000, 6
6, 13, 13.003360, 7
6, 14, 14.003240, 8
6, 15, 15.010600, 9
6, 16, 16.014700, 10
6, 17, 17.022591, 11
6, 18, 18.026760, 12
6, 19, 19.034809, 13
6, 20, 20.040319, 14
6, 21, 21.049339, 15
6, 22, 22.057199, 16
7, 10, 10.041650, 3
7, 11, 11.026090, 4
7, 12, 12.018610, 5
7, 13, 13.005740, 6
7, 14, 14.003070, 7
7, 15, 15.000110, 8
7, 16, 16.006100, 9
7, 17, 17.008450, 10
7, 18, 18.014080, 11
7, 19, 19.017031, 12
7, 20, 20.023371, 13
7, 21, 21.027109, 14
7, 22, 22.034389, 15
7, 23, 23.041220, 16
7, 24, 24.051041, 17
7, 25, 25.060659, 18
8, 12, 12.034400, 4
8, 13, 13.024810, 5
8, 14, 14.008600, 6
8, 15, 15.003070, 7
8, 16, 15.994920, 8
8, 17, 16.999130, 9
8, 18, 17.999161, 10
8, 19, 19.003580, 11
8, 20, 20.004080, 12
8, 21, 21.008659, 13
8, 22, 22.009970, 14
8, 23, 23.015690, 15
8, 24, 24.020470, 16
8, 25, 25.029461, 17
8, 26, 26.038340, 18
8, 27, 27.048260, 19
8, 28, 28.057810, 20
9, 14, 14.035060, 5
9, 15, 15.018010, 6
9, 16, 16.011471, 7
9, 17, 17.002100, 8
9, 18, 18.000940, 9
9, 19, 18.998400, 10
9, 20, 19.999981, 11
9, 21, 20.999950, 12
9, 22, 22.003000, 13
9, 23, 23.003571, 14
9, 24, 24.008120, 15
9, 25, 25.012100, 16
9, 26, 26.019621, 17
9, 27, 27.026760, 18
9, 28, 28.035669, 19
9, 29, 29.043261, 20
9, 30, 30.052500, 21
9, 31, 31.060431, 22
10, 16, 16.025761, 6
10, 17, 17.017670, 7
10, 18, 18.005711, 8
10, 19, 19.001881, 9
10, 20, 19.992439, 10
10, 21, 20.993851, 11
10, 22, 21.991381, 12
10, 23, 22.994471, 13
10, 24, 23.993610, 14
10, 25, 24.997740, 15
10, 26, 26.000460, 16
10, 27, 27.007589, 17
10, 28, 28.012070, 18
10, 29, 29.019390, 19
10, 30, 30.024799, 20
10, 31, 31.033110, 21
10, 32, 32.040020, 22
10, 33, 33.049381, 23
10, 34, 34.057030, 24
11, 18, 18.025970, 7
11, 19, 19.013880, 8
11, 20, 20.007351, 9
11, 21, 20.997660, 10
11, 22, 21.994440, 11
11, 23, 22.989771, 12
11, 24, 23.990959, 13
11, 25, 24.989950, 14
11, 26, 25.992630, 15
11, 27, 26.994080, 16
11, 28, 27.998940, 17
11, 29, 29.002859, 18
11, 30, 30.008980, 19
11, 31, 31.013590, 20
11, 32, 32.020470, 21
11, 33, 33.026718, 22
11, 34, 34.035172, 23
11, 35, 35.042488, 24
11, 36, 36.051479, 25
11, 37, 37.059341, 26
12, 19, 19.035469, 7
12, 20, 20.018860, 8
12, 21, 21.011709, 9
12, 22, 21.999571, 10
12, 23, 22.994120, 11
12, 24, 23.985041, 12
12, 25, 24.985840, 13
12, 26, 25.982590, 14
12, 27, 26.984341, 15
12, 28, 27.983879, 16
12, 29, 28.988600, 17
12, 30, 29.990431, 18
12, 31, 30.996550, 19
12, 32, 31.998980, 20
12, 33, 33.005249, 21
12, 34, 34.009460, 22
12, 35, 35.017342, 23
12, 36, 36.022999, 24
12, 37, 37.031399, 25
12, 38, 38.037571, 26
12, 39, 39.046768, 27
12, 40, 40.053928, 28
13, 21, 21.028040, 8
13, 22, 22.019520, 9
13, 23, 23.007271, 10
13, 24, 23.999941, 11
13, 25, 24.990431, 12
13, 26, 25.986891, 13
13, 27, 26.981541, 14
13, 28, 27.981911, 15
13, 29, 28.980450, 16
13, 30, 29.982960, 17
13, 31, 30.983950, 18
13, 32, 31.988119, 19
13, 33, 32.990841, 20
13, 34, 33.996849, 21
13, 35, 34.999859, 22
13, 36, 36.006210, 23
13, 37, 37.010681, 24
13, 38, 38.017231, 25
13, 39, 39.022968, 26
13, 40, 40.031448, 27
13, 41, 41.038330, 28
13, 42, 42.046890, 29
14, 22, 22.034531, 8
14, 23, 23.025520, 9
14, 24, 24.011551, 10
14, 25, 25.004110, 11
14, 26, 25.992331, 12
14, 27, 26.986710, 13
14, 28, 27.976931, 14
14, 29, 28.976490, 15
14, 30, 29.973770, 16
14, 31, 30.975361, 17
14, 32, 31.974150, 18
14, 33, 32.978001, 19
14, 34, 33.978580, 20
14, 35, 34.984581, 21
14, 36, 35.986599, 22
14, 37, 36.992939, 23
14, 38, 37.995628, 24
14, 39, 39.002071, 25
14, 40, 40.005871, 26
14, 41, 41.014561, 27
14, 42, 42.019791, 28
14, 43, 43.028660, 29
14, 44, 44.035259, 30
15, 24, 24.034349, 9
15, 25, 25.020260, 10
15, 26, 26.011780, 11
15, 27, 26.999229, 12
15, 28, 27.992319, 13
15, 29, 28.981800, 14
15, 30, 29.978310, 15
15, 31, 30.973761, 16
15, 32, 31.973909, 17
15, 33, 32.971729, 18
15, 34, 33.973640, 19
15, 35, 34.973309, 20
15, 36, 35.978260, 21
15, 37, 36.979610, 22
15, 38, 37.984161, 23
15, 39, 38.986179, 24
15, 40, 39.991299, 25
15, 41, 40.994339, 26
15, 42, 42.001011, 27
15, 43, 43.006191, 28
15, 44, 44.012989, 29
15, 45, 45.019218, 30
15, 46, 46.027382, 31
16, 26, 26.027880, 10
16, 27, 27.018829, 11
16, 28, 28.004370, 12
16, 29, 28.996611, 13
16, 30, 29.984900, 14
16, 31, 30.979561, 15
16, 32, 31.972071, 16
16, 33, 32.971458, 17
16, 34, 33.967869, 18
16, 35, 34.969028, 19
16, 36, 35.967079, 20
16, 37, 36.971130, 21
16, 38, 37.971161, 22
16, 39, 38.975128, 23
16, 40, 39.975449, 24
16, 41, 40.979580, 25
16, 42, 41.981022, 26
16, 43, 42.987148, 27
16, 44, 43.990211, 28
16, 45, 44.996510, 29
16, 46, 46.000751, 30
16, 47, 47.008591, 31
16, 48, 48.014172, 32
16, 49, 49.023621, 33
17, 28, 28.028509, 11
17, 29, 29.014111, 12
17, 30, 30.004770, 13
17, 31, 30.992411, 14
17, 32, 31.985689, 15
17, 33, 32.977451, 16
17, 34, 33.973759, 17
17, 35, 34.968849, 18
17, 36, 35.968311, 19
17, 37, 36.965900, 20
17, 38, 37.968010, 21
17, 39, 38.968010, 22
17, 40, 39.970421, 23
17, 41, 40.970680, 24
17, 42, 41.973251, 25
17, 43, 42.974049, 26
17, 44, 43.978279, 27
17, 45, 44.980289, 28
17, 46, 45.984211, 29
17, 47, 46.988708, 30
17, 48, 47.994949, 31
17, 49, 49.000320, 32
17, 50, 50.007839, 33
17, 51, 51.014488, 34
18, 30, 30.021561, 12
18, 31, 31.012119, 13
18, 32, 31.997641, 14
18, 33, 32.989929, 15
18, 34, 33.980270, 16
18, 35, 34.975262, 17
18, 36, 35.967541, 18
18, 37, 36.966782, 19
18, 38, 37.962730, 20
18, 39, 38.964310, 21
18, 40, 39.962379, 22
18, 41, 40.964500, 23
18, 42, 41.963051, 24
18, 43, 42.965641, 25
18, 44, 43.964920, 26
18, 45, 44.968040, 27
18, 46, 45.968090, 28
18, 47, 46.972191, 29
18, 48, 47.974541, 30
18, 49, 48.980518, 31
18, 50, 49.984428, 32
18, 51, 50.991631, 33
18, 52, 51.996780, 34
18, 53, 53.004940, 35
19, 32, 32.021919, 13
19, 33, 33.007259, 14
19, 34, 33.998409, 15
19, 35, 34.988010, 16
19, 36, 35.981289, 17
19, 37, 36.973381, 18
19, 38, 37.969082, 19
19, 39, 38.963711, 20
19, 40, 39.964001, 21
19, 41, 40.961830, 22
19, 42, 41.962399, 23
19, 43, 42.960720, 24
19, 44, 43.961559, 25
19, 45, 44.960701, 26
19, 46, 45.961979, 27
19, 47, 46.961681, 28
19, 48, 47.965519, 29
19, 49, 48.967449, 30
19, 50, 49.972778, 31
19, 51, 50.976379, 32
19, 52, 51.982609, 33
19, 53, 52.987122, 34
19, 54, 53.994202, 35
19, 55, 54.999710, 36
20, 34, 34.014118, 14
20, 35, 35.004940, 15
20, 36, 35.993092, 16
20, 37, 36.985870, 17
20, 38, 37.976318, 18
20, 39, 38.970718, 19
20, 40, 39.962589, 20
20, 41, 40.962280, 21
20, 42, 41.958618, 22
20, 43, 42.958771, 23
20, 44, 43.955479, 24
20, 45, 44.956188, 25
20, 46, 45.953690, 26
20, 47, 46.954552, 27
20, 48, 47.952530, 28
20, 49, 48.955669, 29
20, 50, 49.957520, 30
20, 51, 50.961498, 31
20, 52, 51.965099, 32
20, 53, 52.970051, 33
20, 54, 53.974350, 34
20, 55, 54.980549, 35
20, 56, 55.985569, 36
20, 57, 56.992359, 37
21, 36, 36.014919, 15
21, 37, 37.003052, 16
21, 38, 37.994701, 17
21, 39, 38.984791, 18
21, 40, 39.977970, 19
21, 41, 40.969250, 20
21, 42, 41.965519, 21
21, 43, 42.961151, 22
21, 44, 43.959400, 23
21, 45, 44.955910, 24
21, 46, 45.955170, 25
21, 47, 46.952412, 26
21, 48, 47.952229, 27
21, 49, 48.950020, 28
21, 50, 49.952190, 29
21, 51, 50.953602, 30
21, 52, 51.956680, 31
21, 53, 52.959610, 32
21, 54, 53.963261, 33
21, 55, 54.968239, 34
21, 56, 55.972870, 35
21, 57, 56.977791, 36
21, 58, 57.983711, 37
21, 59, 58.989220, 38
21, 60, 59.995708, 39
22, 38, 38.009769, 16
22, 39, 39.001610, 17
22, 40, 39.990501, 18
22, 41, 40.983150, 19
22, 42, 41.973030, 20
22, 43, 42.968521, 21
22, 44, 43.959690, 22
22, 45, 44.958130, 23
22, 46, 45.952629, 24
22, 47, 46.951759, 25
22, 48, 47.947941, 26
22, 49, 48.947868, 27
22, 50, 49.944790, 28
22, 51, 50.946609, 29
22, 52, 51.946899, 30
22, 53, 52.949730, 31
22, 54, 53.951050, 32
22, 55, 54.955269, 33
22, 56, 55.958199, 34
22, 57, 56.963989, 35
22, 58, 57.966969, 36
22, 59, 58.972931, 37
22, 60, 59.976761, 38
22, 61, 60.983200, 39
22, 62, 61.987492, 40
22, 63, 62.994419, 41
23, 40, 40.011089, 17
23, 41, 40.999779, 18
23, 42, 41.991230, 19
23, 43, 42.980652, 20
23, 44, 43.974110, 21
23, 45, 44.965771, 22
23, 46, 45.960201, 23
23, 47, 46.954910, 24
23, 48, 47.952259, 25
23, 49, 48.948521, 26
23, 50, 49.947159, 27
23, 51, 50.943958, 28
23, 52, 51.944771, 29
23, 53, 52.944340, 30
23, 54, 53.946442, 31
23, 55, 54.947231, 32
23, 56, 55.950531, 33
23, 57, 56.952560, 34
23, 58, 57.956829, 35
23, 59, 58.960209, 36
23, 60, 59.965031, 37
23, 61, 60.968479, 38
23, 62, 61.973782, 39
23, 63, 62.977551, 40
23, 64, 63.983471, 41
23, 65, 64.987923, 42
24, 42, 42.006432, 18
24, 43, 42.997711, 19
24, 44, 43.985550, 20
24, 45, 44.979641, 21
24, 46, 45.968361, 22
24, 47, 46.962898, 23
24, 48, 47.954029, 24
24, 49, 48.951340, 25
24, 50, 49.946041, 26
24, 51, 50.944771, 27
24, 52, 51.940510, 28
24, 53, 52.940651, 29
24, 54, 53.938881, 30
24, 55, 54.940842, 31
24, 56, 55.940651, 32
24, 57, 56.943611, 33
24, 58, 57.944351, 34
24, 59, 58.948589, 35
24, 60, 59.950081, 36
24, 61, 60.954720, 37
24, 62, 61.956612, 38
24, 63, 62.961861, 39
24, 64, 63.964409, 40
24, 65, 64.970161, 41
24, 66, 65.973381, 42
24, 67, 66.979553, 43
25, 44, 44.006870, 19
25, 45, 44.994511, 20
25, 46, 45.986721, 21
25, 47, 46.976101, 22
25, 48, 47.968521, 23
25, 49, 48.959621, 24
25, 50, 49.954239, 25
25, 51, 50.948212, 26
25, 52, 51.945560, 27
25, 53, 52.941292, 28
25, 54, 53.940361, 29
25, 55, 54.938049, 30
25, 56, 55.938900, 31
25, 57, 56.938290, 32
25, 58, 57.939980, 33
25, 59, 58.940441, 34
25, 60, 59.942909, 35
25, 61, 60.944649, 36
25, 62, 61.948429, 37
25, 63, 62.950241, 38
25, 64, 63.954250, 39
25, 65, 64.956337, 40
25, 66, 65.961082, 41
25, 67, 66.964142, 42
25, 68, 67.969299, 43
25, 69, 68.972839, 44
26, 45, 45.014580, 19
26, 46, 46.000809, 20
26, 47, 46.992889, 21
26, 48, 47.980499, 22
26, 49, 48.973610, 23
26, 50, 49.962990, 24
26, 51, 50.956821, 25
26, 52, 51.948109, 26
26, 53, 52.945309, 27
26, 54, 53.939610, 28
26, 55, 54.938290, 29
26, 56, 55.934940, 30
26, 57, 56.935390, 31
26, 58, 57.933281, 32
26, 59, 58.934879, 33
26, 60, 59.934071, 34
26, 61, 60.936741, 35
26, 62, 61.936771, 36
26, 63, 62.940369, 37
26, 64, 63.941200, 38
26, 65, 64.945381, 39
26, 66, 65.946777, 40
26, 67, 66.950951, 41
26, 68, 67.953697, 42
26, 69, 68.958778, 43
26, 70, 69.961456, 44
26, 71, 70.966721, 45
26, 72, 71.969620, 46
27, 47, 47.011490, 20
27, 48, 48.001759, 21
27, 49, 48.989719, 22
27, 50, 49.981541, 23
27, 51, 50.970718, 24
27, 52, 51.963589, 25
27, 53, 52.954220, 26
27, 54, 53.948460, 27
27, 55, 54.942001, 28
27, 56, 55.939838, 29
27, 57, 56.936291, 30
27, 58, 57.935749, 31
27, 59, 58.933189, 32
27, 60, 59.933819, 33
27, 61, 60.932480, 34
27, 62, 61.934052, 35
27, 63, 62.933609, 36
27, 64, 63.935810, 37
27, 65, 64.936478, 38
27, 66, 65.939758, 39
27, 67, 66.940887, 40
27, 68, 67.944870, 41
27, 69, 68.946320, 42
27, 70, 69.950996, 43
27, 71, 70.952904, 44
27, 72, 71.957809, 45
27, 73, 72.960243, 46
27, 74, 73.965378, 47
27, 75, 74.968330, 48
28, 48, 48.019749, 20
28, 49, 49.009659, 21
28, 50, 49.995930, 22
28, 51, 50.987720, 23
28, 52, 51.975681, 24
28, 53, 52.968472, 25
28, 54, 53.957909, 26
28, 55, 54.951328, 27
28, 56, 55.942131, 28
28, 57, 56.939789, 29
28, 58, 57.935341, 30
28, 59, 58.934349, 31
28, 60, 59.930790, 32
28, 61, 60.931061, 33
28, 62, 61.928341, 34
28, 63, 62.929668, 35
28, 64, 63.927971, 36
28, 65, 64.930077, 37
28, 66, 65.929138, 38
28, 67, 66.931572, 39
28, 68, 67.931870, 40
28, 69, 68.935608, 41
28, 70, 69.936501, 42
28, 71, 70.940742, 43
28, 72, 71.942093, 44
28, 73, 72.946472, 45
28, 74, 73.948067, 46
28, 75, 74.952873, 47
28, 76, 75.955330, 48
28, 77, 76.960548, 49
28, 78, 77.963181, 50
29, 52, 51.997181, 23
29, 53, 52.985550, 24
29, 54, 53.976711, 25
29, 55, 54.966049, 26
29, 56, 55.958561, 27
29, 57, 56.949211, 28
29, 58, 57.944538, 29
29, 59, 58.939499, 30
29, 60, 59.937370, 31
29, 61, 60.933460, 32
29, 62, 61.932579, 33
29, 63, 62.929600, 34
29, 64, 63.929760, 35
29, 65, 64.927788, 36
29, 66, 65.928871, 37
29, 67, 66.927727, 38
29, 68, 67.929611, 39
29, 69, 68.929428, 40
29, 70, 69.932404, 41
29, 71, 70.932678, 42
29, 72, 71.935822, 43
29, 73, 72.936684, 44
29, 74, 73.939873, 45
29, 75, 74.941902, 46
29, 76, 75.945267, 47
29, 77, 76.947853, 48
29, 78, 77.951958, 49
29, 79, 78.954559, 50
29, 80, 79.960869, 51
30, 54, 53.992950, 24
30, 55, 54.983978, 25
30, 56, 55.972382, 26
30, 57, 56.964790, 27
30, 58, 57.954590, 28
30, 59, 58.949261, 29
30, 60, 59.941830, 30
30, 61, 60.939510, 31
30, 62, 61.934330, 32
30, 63, 62.933208, 33
30, 64, 63.929138, 34
30, 65, 64.929237, 35
30, 66, 65.926033, 36
30, 67, 66.927116, 37
30, 68, 67.924843, 38
30, 69, 68.926552, 39
30, 70, 69.925323, 40
30, 71, 70.927719, 41
30, 72, 71.926857, 42
30, 73, 72.929779, 43
30, 74, 73.929459, 44
30, 75, 74.932938, 45
30, 76, 75.933289, 46
30, 77, 76.936958, 47
30, 78, 77.938438, 48
30, 79, 78.942650, 49
30, 80, 79.944344, 50
30, 81, 80.950478, 51
30, 82, 81.954422, 52
30, 83, 82.961029, 53
31, 56, 55.994911, 25
31, 57, 56.982929, 26
31, 58, 57.974251, 27
31, 59, 58.963371, 28
31, 60, 59.957062, 29
31, 61, 60.949451, 30
31, 62, 61.944180, 31
31, 63, 62.939289, 32
31, 64, 63.936840, 33
31, 65, 64.932732, 34
31, 66, 65.931587, 35
31, 67, 66.928200, 36
31, 68, 67.927979, 37
31, 69, 68.925583, 38
31, 70, 69.926033, 39
31, 71, 70.924698, 40
31, 72, 71.926369, 41
31, 73, 72.925171, 42
31, 74, 73.926949, 43
31, 75, 74.926498, 44
31, 76, 75.928833, 45
31, 77, 76.929153, 46
31, 78, 77.931610, 47
31, 79, 78.932892, 48
31, 80, 79.936523, 49
31, 81, 80.937752, 50
31, 82, 81.942993, 51
31, 83, 82.946983, 52
31, 84, 83.952652, 53
31, 85, 84.957001, 54
31, 86, 85.963120, 55
32, 58, 57.991009, 26
32, 59, 58.981750, 27
32, 60, 59.970188, 28
32, 61, 60.963791, 29
32, 62, 61.954651, 30
32, 63, 62.949638, 31
32, 64, 63.941650, 32
32, 65, 64.939438, 33
32, 66, 65.933838, 34
32, 67, 66.932732, 35
32, 68, 67.928093, 36
32, 69, 68.927963, 37
32, 70, 69.924248, 38
32, 71, 70.924950, 39
32, 72, 71.922073, 40
32, 73, 72.923462, 41
32, 74, 73.921181, 42
32, 75, 74.922859, 43
32, 76, 75.921402, 44
32, 77, 76.923553, 45
32, 78, 77.922852, 46
32, 79, 78.925400, 47
32, 80, 79.925369, 48
32, 81, 80.928818, 49
32, 82, 81.929550, 50
32, 83, 82.934624, 51
32, 84, 83.937469, 52
32, 85, 84.943031, 53
32, 86, 85.946487, 54
32, 87, 86.952507, 55
32, 88, 87.956909, 56
32, 89, 88.963829, 57
33, 60, 59.993130, 27
33, 61, 60.980621, 28
33, 62, 61.973202, 29
33, 63, 62.963692, 30
33, 64, 63.957569, 31
33, 65, 64.949562, 32
33, 66, 65.944710, 33
33, 67, 66.939194, 34
33, 68, 67.936768, 35
33, 69, 68.932266, 36
33, 70, 69.930923, 37
33, 71, 70.927109, 38
33, 72, 71.926750, 39
33, 73, 72.923828, 40
33, 74, 73.923927, 41
33, 75, 74.921593, 42
33, 76, 75.922394, 43
33, 77, 76.920647, 44
33, 78, 77.921829, 45
33, 79, 78.920937, 46
33, 80, 79.922531, 47
33, 81, 80.922127, 48
33, 82, 81.924500, 49
33, 83, 82.924980, 50
33, 84, 83.929062, 51
33, 85, 84.932022, 52
33, 86, 85.936501, 53
33, 87, 86.939903, 54
33, 88, 87.944939, 55
33, 89, 88.949387, 56
33, 90, 89.955498, 57
33, 91, 90.960426, 58
33, 92, 91.966797, 59
34, 65, 64.964661, 31
34, 66, 65.955208, 32
34, 67, 66.950089, 33
34, 68, 67.941803, 34
34, 69, 68.939560, 35
34, 70, 69.933388, 36
34, 71, 70.932243, 37
34, 72, 71.927109, 38
34, 73, 72.926773, 39
34, 74, 73.922478, 40
34, 75, 74.922523, 41
34, 76, 75.919212, 42
34, 77, 76.919907, 43
34, 78, 77.917313, 44
34, 79, 78.918503, 45
34, 80, 79.916519, 46
34, 81, 80.917992, 47
34, 82, 81.916702, 48
34, 83, 82.919121, 49
34, 84, 83.918457, 50
34, 85, 84.922249, 51
34, 86, 85.924271, 52
34, 87, 86.928520, 53
34, 88, 87.931419, 54
34, 89, 88.936447, 55
34, 90, 89.939957, 56
34, 91, 90.945961, 57
34, 92, 91.949921, 58
34, 93, 92.956291, 59
34, 94, 93.960487, 60
35, 67, 66.964790, 32
35, 68, 67.958519, 33
35, 69, 68.950111, 34
35, 70, 69.944794, 35
35, 71, 70.938744, 36
35, 72, 71.936638, 37
35, 73, 72.931686, 38
35, 74, 73.929893, 39
35, 75, 74.925774, 40
35, 76, 75.924538, 41
35, 77, 76.921379, 42
35, 78, 77.921143, 43
35, 79, 78.918327, 44
35, 80, 79.918533, 45
35, 81, 80.916290, 46
35, 82, 81.916801, 47
35, 83, 82.915176, 48
35, 84, 83.916481, 49
35, 85, 84.915611, 50
35, 86, 85.918800, 51
35, 87, 86.920708, 52
35, 88, 87.924072, 53
35, 89, 88.926392, 54
35, 90, 89.930634, 55
35, 91, 90.933968, 56
35, 92, 91.939262, 57
35, 93, 92.943047, 58
35, 94, 93.948677, 59
35, 95, 94.952873, 60
35, 96, 95.958527, 61
35, 97, 96.962799, 62
36, 69, 68.965179, 33
36, 70, 69.955261, 34
36, 71, 70.949631, 35
36, 72, 71.942093, 36
36, 73, 72.939293, 37
36, 74, 73.933083, 38
36, 75, 74.930946, 39
36, 76, 75.925911, 40
36, 77, 76.924667, 41
36, 78, 77.920357, 42
36, 79, 78.920082, 43
36, 80, 79.916382, 44
36, 81, 80.916603, 45
36, 82, 81.913483, 46
36, 83, 82.914139, 47
36, 84, 83.911507, 48
36, 85, 84.912529, 49
36, 86, 85.910606, 50
36, 87, 86.913353, 51
36, 88, 87.914436, 52
36, 89, 88.917633, 53
36, 90, 89.919518, 54
36, 91, 90.923447, 55
36, 92, 91.926163, 56
36, 93, 92.931267, 57
36, 94, 93.934357, 58
36, 95, 94.939842, 59
36, 96, 95.943069, 60
36, 97, 96.948563, 61
36, 98, 97.951912, 62
36, 99, 98.957603, 63
36, 100, 99.961143, 64
37, 71, 70.965317, 34
37, 72, 71.959084, 35
37, 73, 72.950562, 36
37, 74, 73.944267, 37
37, 75, 74.938568, 38
37, 76, 75.935066, 39
37, 77, 76.930397, 40
37, 78, 77.928139, 41
37, 79, 78.923988, 42
37, 80, 79.922523, 43
37, 81, 80.918999, 44
37, 82, 81.918213, 45
37, 83, 82.915108, 46
37, 84, 83.914383, 47
37, 85, 84.911789, 48
37, 86, 85.911171, 49
37, 87, 86.909180, 50
37, 88, 87.911324, 51
37, 89, 88.912277, 52
37, 90, 89.914803, 53
37, 91, 90.916527, 54
37, 92, 91.919731, 55
37, 93, 92.922043, 56
37, 94, 93.926407, 57
37, 95, 94.929314, 58
37, 96, 95.934273, 59
37, 97, 96.937347, 60
37, 98, 97.941788, 61
37, 99, 98.945381, 62
37, 100, 99.949867, 63
37, 101, 100.953201, 64
37, 102, 101.958870, 65
38, 73, 72.965973, 35
38, 74, 73.956306, 36
38, 75, 74.949951, 37
38, 76, 75.941772, 38
38, 77, 76.937943, 39
38, 78, 77.932182, 40
38, 79, 78.929710, 41
38, 80, 79.924522, 42
38, 81, 80.923210, 43
38, 82, 81.918404, 44
38, 83, 82.917557, 45
38, 84, 83.913422, 46
38, 85, 84.912933, 47
38, 86, 85.909264, 48
38, 87, 86.908867, 49
38, 88, 87.905609, 50
38, 89, 88.907448, 51
38, 90, 89.907738, 52
38, 91, 90.910202, 53
38, 92, 91.911041, 54
38, 93, 92.914017, 55
38, 94, 93.915359, 56
38, 95, 94.919357, 57
38, 96, 95.921700, 58
38, 97, 96.926163, 59
38, 98, 97.928452, 60
38, 99, 98.933243, 61
38, 100, 99.935349, 62
38, 101, 100.940521, 63
38, 102, 101.943024, 64
38, 103, 102.948952, 65
38, 104, 103.952332, 66
38, 105, 104.958580, 67
39, 76, 75.958450, 37
39, 77, 76.949654, 38
39, 78, 77.943611, 39
39, 79, 78.937347, 40
39, 80, 79.934280, 41
39, 81, 80.929131, 42
39, 82, 81.926788, 43
39, 83, 82.922348, 44
39, 84, 83.920387, 45
39, 85, 84.916443, 46
39, 86, 85.914886, 47
39, 87, 86.910873, 48
39, 88, 87.909500, 49
39, 89, 88.905853, 50
39, 90, 89.907150, 51
39, 91, 90.907303, 52
39, 92, 91.908951, 53
39, 93, 92.909576, 54
39, 94, 93.911598, 55
39, 95, 94.912819, 56
39, 96, 95.915894, 57
39, 97, 96.918137, 58
39, 98, 97.922203, 59
39, 99, 98.924637, 60
39, 100, 99.927757, 61
39, 101, 100.930313, 62
39, 102, 101.933563, 63
39, 103, 102.936729, 64
39, 104, 103.941048, 65
39, 105, 104.944870, 66
39, 106, 105.949791, 67
39, 107, 106.954140, 68
39, 108, 107.959480, 69
40, 78, 77.955231, 38
40, 79, 78.949158, 39
40, 80, 79.940399, 40
40, 81, 80.937210, 41
40, 82, 81.931091, 42
40, 83, 82.928650, 43
40, 84, 83.923248, 44
40, 85, 84.921471, 45
40, 86, 85.916473, 46
40, 87, 86.914818, 47
40, 88, 87.910217, 48
40, 89, 88.908890, 49
40, 90, 89.904701, 50
40, 91, 90.905647, 51
40, 92, 91.905037, 52
40, 93, 92.906479, 53
40, 94, 93.906319, 54
40, 95, 94.908043, 55
40, 96, 95.908272, 56
40, 97, 96.910950, 57
40, 98, 97.912727, 58
40, 99, 98.916512, 59
40, 100, 99.917763, 60
40, 101, 100.921143, 61
40, 102, 101.922981, 62
40, 103, 102.926598, 63
40, 104, 103.928780, 64
40, 105, 104.933052, 65
40, 106, 105.935913, 66
40, 107, 106.940750, 67
40, 108, 107.943962, 68
40, 109, 108.949242, 69
40, 110, 109.952873, 70
41, 81, 80.949028, 40
41, 82, 81.943130, 41
41, 83, 82.936707, 42
41, 84, 83.933571, 43
41, 85, 84.927910, 44
41, 86, 85.925041, 45
41, 87, 86.920357, 46
41, 88, 87.918327, 47
41, 89, 88.913422, 48
41, 90, 89.911263, 49
41, 91, 90.906998, 50
41, 92, 91.907204, 51
41, 93, 92.906380, 52
41, 94, 93.907288, 53
41, 95, 94.906837, 54
41, 96, 95.908096, 55
41, 97, 96.908096, 56
41, 98, 97.910332, 57
41, 99, 98.911621, 58
41, 100, 99.914177, 59
41, 101, 100.915253, 60
41, 102, 101.918037, 61
41, 103, 102.919144, 62
41, 104, 103.922462, 63
41, 105, 104.923943, 64
41, 106, 105.927971, 65
41, 107, 106.930313, 66
41, 108, 107.934837, 67
41, 109, 108.937630, 68
41, 110, 109.942436, 69
41, 111, 110.945648, 70
41, 112, 111.950829, 71
41, 113, 112.954697, 72
42, 83, 82.948738, 41
42, 84, 83.940086, 42
42, 85, 84.936546, 43
42, 86, 85.930702, 44
42, 87, 86.927330, 45
42, 88, 87.921951, 46
42, 89, 88.919479, 47
42, 90, 89.913940, 48
42, 91, 90.911751, 49
42, 92, 91.906807, 50
42, 93, 92.906807, 51
42, 94, 93.905090, 52
42, 95, 94.905853, 53
42, 96, 95.904678, 54
42, 97, 96.906021, 55
42, 98, 97.905411, 56
42, 99, 98.907707, 57
42, 100, 99.907478, 58
42, 101, 100.910347, 59
42, 102, 101.910294, 60
42, 103, 102.913208, 61
42, 104, 103.913757, 62
42, 105, 104.916969, 63
42, 106, 105.918137, 64
42, 107, 106.921692, 65
42, 108, 107.923447, 66
42, 109, 108.927811, 67
42, 110, 109.929733, 68
42, 111, 110.934410, 69
42, 112, 111.936836, 70
42, 113, 112.941879, 71
42, 114, 113.944923, 72
42, 115, 114.950287, 73
43, 85, 84.948830, 42
43, 86, 85.942879, 43
43, 87, 86.936531, 44
43, 88, 87.932678, 45
43, 89, 88.927170, 46
43, 90, 89.923561, 47
43, 91, 90.918427, 48
43, 92, 91.915260, 49
43, 93, 92.910248, 50
43, 94, 93.909660, 51
43, 95, 94.907654, 52
43, 96, 95.907867, 53
43, 97, 96.906357, 54
43, 98, 97.907219, 55
43, 99, 98.906258, 56
43, 100, 99.907661, 57
43, 101, 100.907318, 58
43, 102, 101.909218, 59
43, 103, 102.909180, 60
43, 104, 103.911453, 61
43, 105, 104.911659, 62
43, 106, 105.914360, 63
43, 107, 106.915077, 64
43, 108, 107.918457, 65
43, 109, 108.919983, 66
43, 110, 109.923820, 67
43, 111, 110.925690, 68
43, 112, 111.929153, 69
43, 113, 112.931587, 70
43, 114, 113.935883, 71
43, 115, 114.938690, 72
43, 116, 115.943367, 73
43, 117, 116.946480, 74
43, 118, 117.951477, 75
44, 87, 86.949181, 43
44, 88, 87.940262, 44
44, 89, 88.936111, 45
44, 90, 89.929893, 46
44, 91, 90.926292, 47
44, 92, 91.920120, 48
44, 93, 92.917053, 49
44, 94, 93.911362, 50
44, 95, 94.910423, 51
44, 96, 95.907600, 52
44, 97, 96.907547, 53
44, 98, 97.905289, 54
44, 99, 98.905937, 55
44, 100, 99.904221, 56
44, 101, 100.905579, 57
44, 102, 101.904350, 58
44, 103, 102.906326, 59
44, 104, 103.905434, 60
44, 105, 104.907753, 61
44, 106, 105.907333, 62
44, 107, 106.909912, 63
44, 108, 107.910172, 64
44, 109, 108.913200, 65
44, 110, 109.914139, 66
44, 111, 110.917702, 67
44, 112, 111.918968, 68
44, 113, 112.922493, 69
44, 114, 113.924278, 70
44, 115, 114.928688, 71
44, 116, 115.930809, 72
44, 117, 116.935577, 73
44, 118, 117.937820, 74
44, 119, 118.942841, 75
44, 120, 119.945313, 76
45, 89, 88.948837, 44
45, 90, 89.942871, 45
45, 91, 90.936546, 46
45, 92, 91.931976, 47
45, 93, 92.925743, 48
45, 94, 93.921700, 49
45, 95, 94.915901, 50
45, 96, 95.914459, 51
45, 97, 96.911339, 52
45, 98, 97.910713, 53
45, 99, 98.908127, 54
45, 100, 99.908119, 55
45, 101, 100.906174, 56
45, 102, 101.906853, 57
45, 103, 102.905502, 58
45, 104, 103.906647, 59
45, 105, 104.905693, 60
45, 106, 105.907288, 61
45, 107, 106.906754, 62
45, 108, 107.908730, 63
45, 109, 108.908737, 64
45, 110, 109.911140, 65
45, 111, 110.911591, 66
45, 112, 111.914391, 67
45, 113, 112.915527, 68
45, 114, 113.918808, 69
45, 115, 114.920326, 70
45, 116, 115.924057, 71
45, 117, 116.925980, 72
45, 118, 117.930069, 73
45, 119, 118.932114, 74
45, 120, 119.936409, 75
45, 121, 120.938721, 76
45, 122, 121.943207, 77
46, 91, 90.949112, 45
46, 92, 91.940422, 46
46, 93, 92.935913, 47
46, 94, 93.928772, 48
46, 95, 94.924690, 49
46, 96, 95.918159, 50
46, 97, 96.916481, 51
46, 98, 97.912720, 52
46, 99, 98.911774, 53
46, 100, 99.908508, 54
46, 101, 100.908287, 55
46, 102, 101.905609, 56
46, 103, 102.906090, 57
46, 104, 103.904037, 58
46, 105, 104.905083, 59
46, 106, 105.903488, 60
46, 107, 106.905144, 61
46, 108, 107.903893, 62
46, 109, 108.905952, 63
46, 110, 109.905151, 64
46, 111, 110.907669, 65
46, 112, 111.907310, 66
46, 113, 112.910149, 67
46, 114, 113.910362, 68
46, 115, 114.913681, 69
46, 116, 115.914162, 70
46, 117, 116.917839, 71
46, 118, 117.918983, 72
46, 119, 118.923111, 73
46, 120, 119.924690, 74
46, 121, 120.928871, 75
46, 122, 121.930550, 76
46, 123, 122.934929, 77
46, 124, 123.936882, 78
47, 93, 92.949783, 46
47, 94, 93.942780, 47
47, 95, 94.935478, 48
47, 96, 95.930679, 49
47, 97, 96.923973, 50
47, 98, 97.921570, 51
47, 99, 98.917603, 52
47, 100, 99.916100, 53
47, 101, 100.912804, 54
47, 102, 101.911690, 55
47, 103, 102.908974, 56
47, 104, 103.908630, 57
47, 105, 104.906532, 58
47, 106, 105.906670, 59
47, 107, 106.905098, 60
47, 108, 107.905952, 61
47, 109, 108.904747, 62
47, 110, 109.906113, 63
47, 111, 110.905289, 64
47, 112, 111.907013, 65
47, 113, 112.906570, 66
47, 114, 113.908813, 67
47, 115, 114.908760, 68
47, 116, 115.911362, 69
47, 117, 116.911682, 70
47, 118, 117.914581, 71
47, 119, 118.915672, 72
47, 120, 119.918793, 73
47, 121, 120.919853, 74
47, 122, 121.923531, 75
47, 123, 122.924896, 76
47, 124, 123.928642, 77
47, 125, 124.930428, 78
47, 126, 125.934502, 79
47, 127, 126.936768, 80
47, 128, 127.941170, 81
47, 129, 128.943695, 82
47, 130, 129.950455, 83
48, 95, 94.949867, 47
48, 96, 95.939774, 48
48, 97, 96.934937, 49
48, 98, 97.927399, 50
48, 99, 98.925011, 51
48, 100, 99.920288, 52
48, 101, 100.918678, 53
48, 102, 101.914459, 54
48, 103, 102.913422, 55
48, 104, 103.909851, 56
48, 105, 104.909470, 57
48, 106, 105.906464, 58
48, 107, 106.906616, 59
48, 108, 107.904182, 60
48, 109, 108.904984, 61
48, 110, 109.903000, 62
48, 111, 110.904167, 63
48, 112, 111.902763, 64
48, 113, 112.904404, 65
48, 114, 113.903358, 66
48, 115, 114.905434, 67
48, 116, 115.904747, 68
48, 117, 116.907219, 69
48, 118, 117.906914, 70
48, 119, 118.909920, 71
48, 120, 119.909851, 72
48, 121, 120.912979, 73
48, 122, 121.913330, 74
48, 123, 122.917000, 75
48, 124, 123.917648, 76
48, 125, 124.921249, 77
48, 126, 125.922348, 78
48, 127, 126.926437, 79
48, 128, 127.927757, 80
48, 129, 128.932144, 81
48, 130, 129.933899, 82
48, 131, 130.940674, 83
48, 132, 131.945557, 84
49, 97, 96.949539, 48
49, 98, 97.942139, 49
49, 99, 98.934219, 50
49, 100, 99.931107, 51
49, 101, 100.926338, 52
49, 102, 101.924088, 53
49, 103, 102.919907, 54
49, 104, 103.918297, 55
49, 105, 104.914673, 56
49, 106, 105.913467, 57
49, 107, 106.910294, 58
49, 108, 107.909698, 59
49, 109, 108.907150, 60
49, 110, 109.907173, 61
49, 111, 110.905113, 62
49, 112, 111.905533, 63
49, 113, 112.904060, 64
49, 114, 113.904907, 65
49, 115, 114.903877, 66
49, 116, 115.905258, 67
49, 117, 116.904510, 68
49, 118, 117.906357, 69
49, 119, 118.905853, 70
49, 120, 119.907959, 71
49, 121, 120.907837, 72
49, 122, 121.910278, 73
49, 123, 122.910439, 74
49, 124, 123.913177, 75
49, 125, 124.913597, 76
49, 126, 125.916458, 77
49, 127, 126.917351, 78
49, 128, 127.920174, 79
49, 129, 128.921707, 80
49, 130, 129.924973, 81
49, 131, 130.926849, 82
49, 132, 131.932983, 83
49, 133, 132.937805, 84
49, 134, 133.944153, 85
49, 135, 134.949326, 86
50, 99, 98.949333, 49
50, 100, 99.939041, 50
50, 101, 100.936058, 51
50, 102, 101.930298, 52
50, 103, 102.928101, 53
50, 104, 103.923141, 54
50, 105, 104.921349, 55
50, 106, 105.916878, 56
50, 107, 106.915642, 57
50, 108, 107.911926, 58
50, 109, 108.911293, 59
50, 110, 109.907837, 60
50, 111, 110.907738, 61
50, 112, 111.904823, 62
50, 113, 112.905167, 63
50, 114, 113.902779, 64
50, 115, 114.903343, 65
50, 116, 115.901741, 66
50, 117, 116.902946, 67
50, 118, 117.901604, 68
50, 119, 118.903313, 69
50, 120, 119.902191, 70
50, 121, 120.904243, 71
50, 122, 121.903442, 72
50, 123, 122.905724, 73
50, 124, 123.905273, 74
50, 125, 124.907784, 75
50, 126, 125.907654, 76
50, 127, 126.910362, 77
50, 128, 127.910538, 78
50, 129, 128.913483, 79
50, 130, 129.913971, 80
50, 131, 130.917007, 81
50, 132, 131.917816, 82
50, 133, 132.923828, 83
50, 134, 133.928284, 84
50, 135, 134.934723, 85
50, 136, 135.939346, 86
50, 137, 136.945984, 87
51, 103, 102.939690, 52
51, 104, 103.936470, 53
51, 105, 104.931488, 54
51, 106, 105.928787, 55
51, 107, 106.924149, 56
51, 108, 107.922157, 57
51, 109, 108.918129, 58
51, 110, 109.916748, 59
51, 111, 110.913162, 60
51, 112, 111.912399, 61
51, 113, 112.909370, 62
51, 114, 113.909271, 63
51, 115, 114.906601, 64
51, 116, 115.906792, 65
51, 117, 116.904839, 66
51, 118, 117.905533, 67
51, 119, 118.903938, 68
51, 120, 119.905083, 69
51, 121, 120.903816, 70
51, 122, 121.905167, 71
51, 123, 122.904213, 72
51, 124, 123.905937, 73
51, 125, 124.905251, 74
51, 126, 125.907249, 75
51, 127, 126.906921, 76
51, 128, 127.909172, 77
51, 129, 128.909149, 78
51, 130, 129.911652, 79
51, 131, 130.911987, 80
51, 132, 131.914474, 81
51, 133, 132.915253, 82
51, 134, 133.920380, 83
51, 135, 134.925171, 84
51, 136, 135.930344, 85
51, 137, 136.935303, 86
51, 138, 137.940796, 87
51, 139, 138.945984, 88
52, 105, 104.943642, 53
52, 106, 105.937500, 54
52, 107, 106.935013, 55
52, 108, 107.929443, 56
52, 109, 108.927422, 57
52, 110, 109.922409, 58
52, 111, 110.921112, 59
52, 112, 111.917007, 60
52, 113, 112.915894, 61
52, 114, 113.912086, 62
52, 115, 114.911903, 63
52, 116, 115.908463, 64
52, 117, 116.908653, 65
52, 118, 117.905830, 66
52, 119, 118.906403, 67
52, 120, 119.904022, 68
52, 121, 120.904938, 69
52, 122, 121.903053, 70
52, 123, 122.904266, 71
52, 124, 123.902817, 72
52, 125, 124.904427, 73
52, 126, 125.903313, 74
52, 127, 126.905228, 75
52, 128, 127.904457, 76
52, 129, 128.906601, 77
52, 130, 129.906219, 78
52, 131, 130.908524, 79
52, 132, 131.908554, 80
52, 133, 132.910950, 81
52, 134, 133.911362, 82
52, 135, 134.916443, 83
52, 136, 135.920105, 84
52, 137, 136.925323, 85
52, 138, 137.929214, 86
52, 139, 138.934723, 87
52, 140, 139.938843, 88
52, 141, 140.944656, 89
52, 142, 141.949081, 90
53, 108, 107.943481, 55
53, 109, 108.938148, 56
53, 110, 109.935242, 57
53, 111, 110.930283, 58
53, 112, 111.927971, 59
53, 113, 112.923637, 60
53, 114, 113.921852, 61
53, 115, 114.918053, 62
53, 116, 115.916809, 63
53, 117, 116.913651, 64
53, 118, 117.913071, 65
53, 119, 118.910072, 66
53, 120, 119.910049, 67
53, 121, 120.907356, 68
53, 122, 121.907593, 69
53, 123, 122.905586, 70
53, 124, 123.906212, 71
53, 125, 124.904633, 72
53, 126, 125.905617, 73
53, 127, 126.904472, 74
53, 128, 127.905807, 75
53, 129, 128.904984, 76
53, 130, 129.906677, 77
53, 131, 130.906128, 78
53, 132, 131.907990, 79
53, 133, 132.907791, 80
53, 134, 133.909744, 81
53, 135, 134.910049, 82
53, 136, 135.914658, 83
53, 137, 136.917877, 84
53, 138, 137.922348, 85
53, 139, 138.926102, 86
53, 140, 139.931000, 87
53, 141, 140.935028, 88
53, 142, 141.940186, 89
53, 143, 142.944565, 90
53, 144, 143.949997, 91
54, 110, 109.944283, 56
54, 111, 110.941597, 57
54, 112, 111.935623, 58
54, 113, 112.933342, 59
54, 114, 113.927979, 60
54, 115, 114.926292, 61
54, 116, 115.921577, 62
54, 117, 116.920357, 63
54, 118, 117.916183, 64
54, 119, 118.915413, 65
54, 120, 119.911781, 66
54, 121, 120.911461, 67
54, 122, 121.908371, 68
54, 123, 122.908493, 69
54, 124, 123.905891, 70
54, 125, 124.906387, 71
54, 126, 125.904266, 72
54, 127, 126.905182, 73
54, 128, 127.903526, 74
54, 129, 128.904785, 75
54, 130, 129.903503, 76
54, 131, 130.905075, 77
54, 132, 131.904160, 78
54, 133, 132.905914, 79
54, 134, 133.905396, 80
54, 135, 134.907227, 81
54, 136, 135.907227, 82
54, 137, 136.911560, 83
54, 138, 137.913956, 84
54, 139, 138.918793, 85
54, 140, 139.921646, 86
54, 141, 140.926651, 87
54, 142, 141.929703, 88
54, 143, 142.935104, 89
54, 144, 143.938507, 90
54, 145, 144.944077, 91
54, 146, 145.947754, 92
54, 147, 146.953568, 93
55, 112, 111.950302, 57
55, 113, 112.944489, 58
55, 114, 113.941452, 59
55, 115, 114.935913, 60
55, 116, 115.933372, 61
55, 117, 116.928673, 62
55, 118, 117.926559, 63
55, 119, 118.922379, 64
55, 120, 119.920677, 65
55, 121, 120.917229, 66
55, 122, 121.916107, 67
55, 123, 122.912987, 68
55, 124, 123.912247, 69
55, 125, 124.909729, 70
55, 126, 125.909447, 71
55, 127, 126.907417, 72
55, 128, 127.907753, 73
55, 129, 128.906067, 74
55, 130, 129.906708, 75
55, 131, 130.905457, 76
55, 132, 131.906433, 77
55, 133, 132.905457, 78
55, 134, 133.906723, 79
55, 135, 134.905975, 80
55, 136, 135.907318, 81
55, 137, 136.907089, 82
55, 138, 137.911011, 83
55, 139, 138.913361, 84
55, 140, 139.917282, 85
55, 141, 140.920044, 86
55, 142, 141.924301, 87
55, 143, 142.927353, 88
55, 144, 143.932083, 89
55, 145, 144.935532, 90
55, 146, 145.940292, 91
55, 147, 146.944153, 92
55, 148, 147.949219, 93
55, 149, 148.952927, 94
55, 150, 149.958176, 95
55, 151, 150.962189, 96
56, 114, 113.950684, 58
56, 115, 114.947372, 59
56, 116, 115.941383, 60
56, 117, 116.938499, 61
56, 118, 117.933037, 62
56, 119, 118.930656, 63
56, 120, 119.926041, 64
56, 121, 120.924049, 65
56, 122, 121.919899, 66
56, 123, 122.918777, 67
56, 124, 123.915092, 68
56, 125, 124.914467, 69
56, 126, 125.911247, 70
56, 127, 126.911087, 71
56, 128, 127.908318, 72
56, 129, 128.908676, 73
56, 130, 129.906326, 74
56, 131, 130.906937, 75
56, 132, 131.905060, 76
56, 133, 132.906006, 77
56, 134, 133.904510, 78
56, 135, 134.905685, 79
56, 136, 135.904572, 80
56, 137, 136.905823, 81
56, 138, 137.905243, 82
56, 139, 138.908844, 83
56, 140, 139.910599, 84
56, 141, 140.914413, 85
56, 142, 141.916458, 86
56, 143, 142.920624, 87
56, 144, 143.922958, 88
56, 145, 144.927628, 89
56, 146, 145.930222, 90
56, 147, 146.934952, 91
56, 148, 147.937714, 92
56, 149, 148.942581, 93
56, 150, 149.945679, 94
56, 151, 150.950806, 95
56, 152, 151.954269, 96
56, 153, 152.959610, 97
57, 117, 116.950073, 60
57, 118, 117.946732, 61
57, 119, 118.940987, 62
57, 120, 119.938072, 63
57, 121, 120.933006, 64
57, 122, 121.930710, 65
57, 123, 122.926239, 66
57, 124, 123.924568, 67
57, 125, 124.920807, 68
57, 126, 125.919510, 69
57, 127, 126.916367, 70
57, 128, 127.915588, 71
57, 129, 128.912689, 72
57, 130, 129.912369, 73
57, 131, 130.910065, 74
57, 132, 131.910095, 75
57, 133, 132.908218, 76
57, 134, 133.908508, 77
57, 135, 134.906982, 78
57, 136, 135.907639, 79
57, 137, 136.906494, 80
57, 138, 137.907104, 81
57, 139, 138.906357, 82
57, 140, 139.909485, 83
57, 141, 140.910965, 84
57, 142, 141.914078, 85
57, 143, 142.916061, 86
57, 144, 143.919601, 87
57, 145, 144.921646, 88
57, 146, 145.925797, 89
57, 147, 146.928238, 90
57, 148, 147.932236, 91
57, 149, 148.934723, 92
57, 150, 149.938766, 93
57, 151, 150.941727, 94
57, 152, 151.946243, 95
57, 153, 152.949615, 96
57, 154, 153.954498, 97
57, 155, 154.958344, 98
58, 119, 118.952759, 61
58, 120, 119.946640, 62
58, 121, 120.943420, 63
58, 122, 121.937912, 64
58, 123, 122.935402, 65
58, 124, 123.930412, 66
58, 125, 124.928436, 67
58, 126, 125.923973, 68
58, 127, 126.922729, 69
58, 128, 127.918907, 70
58, 129, 128.918106, 71
58, 130, 129.914734, 72
58, 131, 130.914413, 73
58, 132, 131.911453, 74
58, 133, 132.911514, 75
58, 134, 133.908920, 76
58, 135, 134.909149, 77
58, 136, 135.907166, 78
58, 137, 136.907806, 79
58, 138, 137.905991, 80
58, 139, 138.906647, 81
58, 140, 139.905441, 82
58, 141, 140.908279, 83
58, 142, 141.909241, 84
58, 143, 142.912384, 85
58, 144, 143.913651, 86
58, 145, 144.917236, 87
58, 146, 145.918762, 88
58, 147, 146.922668, 89
58, 148, 147.924423, 90
58, 149, 148.928406, 91
58, 150, 149.930405, 92
58, 151, 150.933975, 93
58, 152, 151.936539, 94
58, 153, 152.940582, 95
58, 154, 153.943420, 96
58, 155, 154.948044, 97
58, 156, 155.951263, 98
58, 157, 156.956345, 99
59, 121, 120.955360, 62
59, 122, 121.951813, 63
59, 123, 122.945961, 64
59, 124, 123.942963, 65
59, 125, 124.937828, 66
59, 126, 125.935310, 67
59, 127, 126.930832, 68
59, 128, 127.928787, 69
59, 129, 128.925095, 70
59, 130, 129.923584, 71
59, 131, 130.920258, 72
59, 132, 131.919266, 73
59, 133, 132.916336, 74
59, 134, 133.915710, 75
59, 135, 134.913116, 76
59, 136, 135.912689, 77
59, 137, 136.910706, 78
59, 138, 137.910751, 79
59, 139, 138.908936, 80
59, 140, 139.909073, 81
59, 141, 140.907654, 82
59, 142, 141.910049, 83
59, 143, 142.910812, 84
59, 144, 143.913300, 85
59, 145, 144.914505, 86
59, 146, 145.917633, 87
59, 147, 146.918991, 88
59, 148, 147.922134, 89
59, 149, 148.923721, 90
59, 150, 149.926666, 91
59, 151, 150.928314, 92
59, 152, 151.931503, 93
59, 153, 152.933838, 94
59, 154, 153.937515, 95
59, 155, 154.940125, 96
59, 156, 155.944275, 97
59, 157, 156.947433, 98
59, 158, 157.951981, 99
59, 159, 158.955505, 100
60, 124, 123.952232, 64
60, 125, 124.948883, 65
60, 126, 125.943222, 66
60, 127, 126.940498, 67
60, 128, 127.935387, 68
60, 129, 128.933197, 69
60, 130, 129.928513, 70
60, 131, 130.927246, 71
60, 132, 131.923325, 72
60, 133, 132.922348, 73
60, 134, 133.918793, 74
60, 135, 134.918182, 75
60, 136, 135.914978, 76
60, 137, 136.914566, 77
60, 138, 137.911957, 78
60, 139, 138.911972, 79
60, 140, 139.909546, 80
60, 141, 140.909607, 81
60, 142, 141.907730, 82
60, 143, 142.909821, 83
60, 144, 143.910080, 84
60, 145, 144.912567, 85
60, 146, 145.913116, 86
60, 147, 146.916107, 87
60, 148, 147.916885, 88
60, 149, 148.920151, 89
60, 150, 149.920898, 90
60, 151, 150.923828, 91
60, 152, 151.924683, 92
60, 153, 152.927704, 93
60, 154, 153.929474, 94
60, 155, 154.932938, 95
60, 156, 155.935013, 96
60, 157, 156.939026, 97
60, 158, 157.941605, 98
60, 159, 158.946091, 99
60, 160, 159.949097, 100
60, 161, 160.953873, 101
61, 126, 125.957520, 65
61, 127, 126.951630, 66
61, 128, 127.948418, 67
61, 129, 128.943161, 68
61, 130, 129.940445, 69
61, 131, 130.935867, 70
61, 132, 131.933746, 71
61, 133, 132.929779, 72
61, 134, 133.928345, 73
61, 135, 134.924881, 74
61, 136, 135.923569, 75
61, 137, 136.920486, 76
61, 138, 137.919540, 77
61, 139, 138.916809, 78
61, 140, 139.916046, 79
61, 141, 140.913559, 80
61, 142, 141.912872, 81
61, 143, 142.910934, 82
61, 144, 143.912598, 83
61, 145, 144.912750, 84
61, 146, 145.914703, 85
61, 147, 146.915146, 86
61, 148, 147.917480, 87
61, 149, 148.918335, 88
61, 150, 149.920990, 89
61, 151, 150.921204, 90
61, 152, 151.923492, 91
61, 153, 152.924118, 92
61, 154, 153.926453, 93
61, 155, 154.928101, 94
61, 156, 155.931061, 95
61, 157, 156.933044, 96
61, 158, 157.936554, 97
61, 159, 158.938965, 98
61, 160, 159.942993, 99
61, 161, 160.945862, 100
61, 162, 161.950287, 101
61, 163, 162.953674, 102
62, 128, 127.958076, 66
62, 129, 128.954636, 67
62, 130, 129.948914, 68
62, 131, 130.946106, 69
62, 132, 131.940689, 70
62, 133, 132.938675, 71
62, 134, 133.933975, 72
62, 135, 134.932526, 73
62, 136, 135.928268, 74
62, 137, 136.926971, 75
62, 138, 137.923248, 76
62, 139, 138.922302, 77
62, 140, 139.918991, 78
62, 141, 140.918472, 79
62, 142, 141.915192, 80
62, 143, 142.914627, 81
62, 144, 143.912003, 82
62, 145, 144.913406, 83
62, 146, 145.913040, 84
62, 147, 146.914902, 85
62, 148, 147.914825, 86
62, 149, 148.917191, 87
62, 150, 149.917282, 88
62, 151, 150.919937, 89
62, 152, 151.919739, 90
62, 153, 152.922104, 91
62, 154, 153.922211, 92
62, 155, 154.924637, 93
62, 156, 155.925522, 94
62, 157, 156.928360, 95
62, 158, 157.929993, 96
62, 159, 158.933212, 97
62, 160, 159.935135, 98
62, 161, 160.938828, 99
62, 162, 161.941223, 100
62, 163, 162.945358, 101
62, 164, 163.948273, 102
62, 165, 164.952972, 103
63, 130, 129.963577, 67
63, 131, 130.957748, 68
63, 132, 131.954376, 69
63, 133, 132.949234, 70
63, 134, 133.946503, 71
63, 135, 134.941818, 72
63, 136, 135.939606, 73
63, 137, 136.935577, 74
63, 138, 137.933716, 75
63, 139, 138.929794, 76
63, 140, 139.928085, 77
63, 141, 140.924927, 78
63, 142, 141.923431, 79
63, 143, 142.920303, 80
63, 144, 143.918823, 81
63, 145, 144.916260, 82
63, 146, 145.917206, 83
63, 147, 146.916748, 84
63, 148, 147.918091, 85
63, 149, 148.917938, 86
63, 150, 149.919708, 87
63, 151, 150.919846, 88
63, 152, 151.921738, 89
63, 153, 152.921234, 90
63, 154, 153.922974, 91
63, 155, 154.922897, 92
63, 156, 155.924759, 93
63, 157, 156.925430, 94
63, 158, 157.927856, 95
63, 159, 158.929092, 96
63, 160, 159.931976, 97
63, 161, 160.933685, 98
63, 162, 161.937042, 99
63, 163, 162.939209, 100
63, 164, 163.942993, 101
63, 165, 164.945724, 102
63, 166, 165.949966, 103
63, 167, 166.953217, 104
64, 134, 133.955368, 70
64, 135, 134.952576, 71
64, 136, 135.947342, 72
64, 137, 136.945023, 73
64, 138, 137.940125, 74
64, 139, 138.938232, 75
64, 140, 139.933670, 76
64, 141, 140.932129, 77
64, 142, 141.928116, 78
64, 143, 142.926743, 79
64, 144, 143.922958, 80
64, 145, 144.921707, 81
64, 146, 145.918304, 82
64, 147, 146.919098, 83
64, 148, 147.918121, 84
64, 149, 148.919342, 85
64, 150, 149.918655, 86
64, 151, 150.920349, 87
64, 152, 151.919785, 88
64, 153, 152.921753, 89
64, 154, 153.920868, 90
64, 155, 154.922623, 91
64, 156, 155.922119, 92
64, 157, 156.923965, 93
64, 158, 157.924103, 94
64, 159, 158.926392, 95
64, 160, 159.927048, 96
64, 161, 160.929672, 97
64, 162, 161.930984, 98
64, 163, 162.933990, 99
64, 164, 163.935867, 100
64, 165, 164.939377, 101
64, 166, 165.941605, 102
64, 167, 166.945572, 103
64, 168, 167.948364, 104
64, 169, 168.952866, 105
65, 136, 135.961380, 71
65, 137, 136.955978, 72
65, 138, 137.953156, 73
65, 139, 138.948288, 74
65, 140, 139.945816, 75
65, 141, 140.941452, 76
65, 142, 141.938736, 77
65, 143, 142.935120, 78
65, 144, 143.933044, 79
65, 145, 144.929276, 80
65, 146, 145.927246, 81
65, 147, 146.924042, 82
65, 148, 147.924271, 83
65, 149, 148.923248, 84
65, 150, 149.923660, 85
65, 151, 150.923096, 86
65, 152, 151.924072, 87
65, 153, 152.923431, 88
65, 154, 153.924683, 89
65, 155, 154.923508, 90
65, 156, 155.924744, 91
65, 157, 156.924026, 92
65, 158, 157.925415, 93
65, 159, 158.925354, 94
65, 160, 159.927170, 95
65, 161, 160.927567, 96
65, 162, 161.929489, 97
65, 163, 162.930649, 98
65, 164, 163.933350, 99
65, 165, 164.934875, 100
65, 166, 165.937988, 101
65, 167, 166.940048, 102
65, 168, 167.943634, 103
65, 169, 168.946213, 104
65, 170, 169.950256, 105
65, 171, 170.953293, 106
66, 138, 137.962494, 72
66, 139, 138.959534, 73
66, 140, 139.954010, 74
66, 141, 140.951355, 75
66, 142, 141.946365, 76
66, 143, 142.943832, 77
66, 144, 143.939255, 78
66, 145, 144.937424, 79
66, 146, 145.932846, 80
66, 147, 146.931091, 81
66, 148, 147.927155, 82
66, 149, 148.927307, 83
66, 150, 149.925583, 84
66, 151, 150.926178, 85
66, 152, 151.924713, 86
66, 153, 152.925766, 87
66, 154, 153.924423, 88
66, 155, 154.925751, 89
66, 156, 155.924286, 90
66, 157, 156.925461, 91
66, 158, 157.924408, 92
66, 159, 158.925735, 93
66, 160, 159.925201, 94
66, 161, 160.926941, 95
66, 162, 161.926804, 96
66, 163, 162.928726, 97
66, 164, 163.929169, 98
66, 165, 164.931702, 99
66, 166, 165.932800, 100
66, 167, 166.935654, 101
66, 168, 167.937134, 102
66, 169, 168.940308, 103
66, 170, 169.942383, 104
66, 171, 170.946198, 105
66, 172, 171.948761, 106
66, 173, 172.953003, 107
67, 140, 139.968536, 73
67, 141, 140.963104, 74
67, 142, 141.959763, 75
67, 143, 142.954605, 76
67, 144, 143.951477, 77
67, 145, 144.947205, 78
67, 146, 145.944641, 79
67, 147, 146.940063, 80
67, 148, 147.937714, 81
67, 149, 148.933777, 82
67, 150, 149.933502, 83
67, 151, 150.931686, 84
67, 152, 151.931717, 85
67, 153, 152.930206, 86
67, 154, 153.930603, 87
67, 155, 154.929108, 88
67, 156, 155.929840, 89
67, 157, 156.928253, 90
67, 158, 157.928940, 91
67, 159, 158.927719, 92
67, 160, 159.928726, 93
67, 161, 160.927856, 94
67, 162, 161.929092, 95
67, 163, 162.928741, 96
67, 164, 163.930237, 97
67, 165, 164.930328, 98
67, 166, 165.932281, 99
67, 167, 166.933136, 100
67, 168, 167.935516, 101
67, 169, 168.936874, 102
67, 170, 169.939621, 103
67, 171, 170.941467, 104
67, 172, 171.944824, 105
67, 173, 172.947296, 106
67, 174, 173.951157, 107
67, 175, 174.954056, 108
68, 143, 142.966339, 75
68, 144, 143.960373, 76
68, 145, 144.957397, 77
68, 146, 145.951996, 78
68, 147, 146.949493, 79
68, 148, 147.944550, 80
68, 149, 148.942307, 81
68, 150, 149.937912, 82
68, 151, 150.937454, 83
68, 152, 151.935043, 84
68, 153, 152.935059, 85
68, 154, 153.932785, 86
68, 155, 154.933212, 87
68, 156, 155.931061, 88
68, 157, 156.931915, 89
68, 158, 157.929886, 90
68, 159, 158.930679, 91
68, 160, 159.929077, 92
68, 161, 160.929993, 93
68, 162, 161.928772, 94
68, 163, 162.930038, 95
68, 164, 163.929199, 96
68, 165, 164.930725, 97
68, 166, 165.930298, 98
68, 167, 166.932053, 99
68, 168, 167.932373, 100
68, 169, 168.934586, 101
68, 170, 169.935471, 102
68, 171, 170.938034, 103
68, 172, 171.939362, 104
68, 173, 172.942398, 105
68, 174, 173.944229, 106
68, 175, 174.947769, 107
68, 176, 175.950073, 108
68, 177, 176.954056, 109
69, 145, 144.970078, 76
69, 146, 145.966431, 77
69, 147, 146.960953, 78
69, 148, 147.957840, 79
69, 149, 148.952713, 80
69, 150, 149.949966, 81
69, 151, 150.945480, 82
69, 152, 151.944427, 83
69, 153, 152.942017, 84
69, 154, 153.941574, 85
69, 155, 154.939194, 86
69, 156, 155.938980, 87
69, 157, 156.936966, 88
69, 158, 157.936981, 89
69, 159, 158.934982, 90
69, 160, 159.935257, 91
69, 161, 160.933548, 92
69, 162, 161.933990, 93
69, 163, 162.932648, 94
69, 164, 163.933563, 95
69, 165, 164.932434, 96
69, 166, 165.933548, 97
69, 167, 166.932846, 98
69, 168, 167.934174, 99
69, 169, 168.934219, 100
69, 170, 169.935806, 101
69, 171, 170.936432, 102
69, 172, 171.938400, 103
69, 173, 172.939606, 104
69, 174, 173.942169, 105
69, 175, 174.943832, 106
69, 176, 175.946991, 107
69, 177, 176.949036, 108
69, 178, 177.952637, 109
69, 179, 178.955338, 110
70, 148, 147.967422, 78
70, 149, 148.964035, 79
70, 150, 149.958420, 80
70, 151, 150.955399, 81
70, 152, 151.950287, 82
70, 153, 152.949478, 83
70, 154, 153.946396, 84
70, 155, 154.945786, 85
70, 156, 155.942825, 86
70, 157, 156.942627, 87
70, 158, 157.939865, 88
70, 159, 158.940048, 89
70, 160, 159.937546, 90
70, 161, 160.937897, 91
70, 162, 161.935760, 92
70, 163, 162.936340, 93
70, 164, 163.934494, 94
70, 165, 164.935287, 95
70, 166, 165.933884, 96
70, 167, 166.934952, 97
70, 168, 167.933899, 98
70, 169, 168.935196, 99
70, 170, 169.934769, 100
70, 171, 170.936325, 101
70, 172, 171.936386, 102
70, 173, 172.938217, 103
70, 174, 173.938858, 104
70, 175, 174.941269, 105
70, 176, 175.942566, 106
70, 177, 176.945267, 107
70, 178, 177.946640, 108
70, 179, 178.950165, 109
70, 180, 179.952332, 110
70, 181, 180.956146, 111
71, 150, 149.973236, 79
71, 151, 150.967575, 80
71, 152, 151.964127, 81
71, 153, 152.958771, 82
71, 154, 153.957520, 83
71, 155, 154.954315, 84
71, 156, 155.953033, 85
71, 157, 156.950104, 86
71, 158, 157.949310, 87
71, 159, 158.946625, 88
71, 160, 159.946030, 89
71, 161, 160.943573, 90
71, 162, 161.943283, 91
71, 163, 162.941177, 92
71, 164, 163.941345, 93
71, 165, 164.939407, 94
71, 166, 165.939865, 95
71, 167, 166.938263, 96
71, 168, 167.938736, 97
71, 169, 168.937653, 98
71, 170, 169.938477, 99
71, 171, 170.937912, 100
71, 172, 171.939087, 101
71, 173, 172.938934, 102
71, 174, 173.940338, 103
71, 175, 174.940765, 104
71, 176, 175.942688, 105
71, 177, 176.943756, 106
71, 178, 177.945953, 107
71, 179, 178.947327, 108
71, 180, 179.949875, 109
71, 181, 180.951965, 110
71, 182, 181.955048, 111
71, 183, 182.957565, 112
71, 184, 183.960907, 113
72, 153, 152.970688, 81
72, 154, 153.964859, 82
72, 155, 154.963394, 83
72, 156, 155.959366, 84
72, 157, 156.958405, 85
72, 158, 157.954803, 86
72, 159, 158.953995, 87
72, 160, 159.950684, 88
72, 161, 160.950272, 89
72, 162, 161.947205, 90
72, 163, 162.947083, 91
72, 164, 163.944366, 92
72, 165, 164.944565, 93
72, 166, 165.942184, 94
72, 167, 166.942596, 95
72, 168, 167.940567, 96
72, 169, 168.941254, 97
72, 170, 169.939606, 98
72, 171, 170.940491, 99
72, 172, 171.939453, 100
72, 173, 172.940506, 101
72, 174, 173.940048, 102
72, 175, 174.941513, 103
72, 176, 175.941406, 104
72, 177, 176.943222, 105
72, 178, 177.943695, 106
72, 179, 178.945816, 107
72, 180, 179.946548, 108
72, 181, 180.949097, 109
72, 182, 181.950562, 110
72, 183, 182.953537, 111
72, 184, 183.955444, 112
72, 185, 184.958817, 113
72, 186, 185.960892, 114
72, 187, 186.964584, 115
72, 188, 187.966843, 116
73, 155, 154.974594, 82
73, 156, 155.972305, 83
73, 157, 156.968185, 84
73, 158, 157.966705, 85
73, 159, 158.963013, 86
73, 160, 159.961487, 87
73, 161, 160.958420, 88
73, 162, 161.957291, 89
73, 163, 162.954330, 90
73, 164, 163.953537, 91
73, 165, 164.950775, 92
73, 166, 165.950516, 93
73, 167, 166.948090, 94
73, 168, 167.948044, 95
73, 169, 168.946014, 96
73, 170, 169.946182, 97
73, 171, 170.944473, 98
73, 172, 171.944901, 99
73, 173, 172.943756, 100
73, 174, 173.944443, 101
73, 175, 174.943741, 102
73, 176, 175.944855, 103
73, 177, 176.944473, 104
73, 178, 177.945786, 105
73, 179, 178.945923, 106
73, 180, 179.947464, 107
73, 181, 180.947998, 108
73, 182, 181.950150, 109
73, 183, 182.951370, 110
73, 184, 183.954010, 111
73, 185, 184.955566, 112
73, 186, 185.958557, 113
73, 187, 186.960526, 114
73, 188, 187.963699, 115
73, 189, 188.965836, 116
73, 190, 189.969223, 117
74, 158, 157.974564, 84
74, 159, 158.972916, 85
74, 160, 159.968475, 86
74, 161, 160.967361, 87
74, 162, 161.963501, 88
74, 163, 162.962524, 89
74, 164, 163.958954, 90
74, 165, 164.958282, 91
74, 166, 165.955032, 92
74, 167, 166.954819, 93
74, 168, 167.951813, 94
74, 169, 168.951782, 95
74, 170, 169.949234, 96
74, 171, 170.949448, 97
74, 172, 171.947296, 98
74, 173, 172.947693, 99
74, 174, 173.946075, 100
74, 175, 174.946716, 101
74, 176, 175.945633, 102
74, 177, 176.946640, 103
74, 178, 177.945877, 104
74, 179, 178.947067, 105
74, 180, 179.946701, 106
74, 181, 180.948196, 107
74, 182, 181.948212, 108
74, 183, 182.950226, 109
74, 184, 183.950928, 110
74, 185, 184.953415, 111
74, 186, 185.954361, 112
74, 187, 186.957153, 113
74, 188, 187.958496, 114
74, 189, 188.961914, 115
74, 190, 189.963181, 116
74, 191, 190.966599, 117
74, 192, 191.968170, 118
75, 160, 159.982117, 85
75, 161, 160.977585, 86
75, 162, 161.975998, 87
75, 163, 162.972076, 88
75, 164, 163.970322, 89
75, 165, 164.967087, 90
75, 166, 165.965805, 91
75, 167, 166.962601, 92
75, 168, 167.961563, 93
75, 169, 168.958786, 94
75, 170, 169.958221, 95
75, 171, 170.955719, 96
75, 172, 171.955414, 97
75, 173, 172.953247, 98
75, 174, 173.953125, 99
75, 175, 174.951385, 100
75, 176, 175.951614, 101
75, 177, 176.950333, 102
75, 178, 177.950989, 103
75, 179, 178.949982, 104
75, 180, 179.950790, 105
75, 181, 180.950073, 106
75, 182, 181.951202, 107
75, 183, 182.950821, 108
75, 184, 183.952515, 109
75, 185, 184.952957, 110
75, 186, 185.954987, 111
75, 187, 186.955750, 112
75, 188, 187.958115, 113
75, 189, 188.959229, 114
75, 190, 189.961823, 115
75, 191, 190.963120, 116
75, 192, 191.965958, 117
75, 193, 192.967468, 118
75, 194, 193.970413, 119
76, 162, 161.984436, 86
76, 163, 162.982697, 87
76, 164, 163.978043, 88
76, 165, 164.976761, 89
76, 166, 165.972687, 90
76, 167, 166.971558, 91
76, 168, 167.967804, 92
76, 169, 168.967026, 93
76, 170, 169.963577, 94
76, 171, 170.963181, 95
76, 172, 171.960022, 96
76, 173, 172.959808, 97
76, 174, 173.957062, 98
76, 175, 174.956940, 99
76, 176, 175.954803, 100
76, 177, 176.954971, 101
76, 178, 177.953247, 102
76, 179, 178.953812, 103
76, 180, 179.952377, 104
76, 181, 180.953247, 105
76, 182, 181.952103, 106
76, 183, 182.953125, 107
76, 184, 183.952484, 108
76, 185, 184.954041, 109
76, 186, 185.953842, 110
76, 187, 186.955750, 111
76, 188, 187.955841, 112
76, 189, 188.958145, 113
76, 190, 189.958450, 114
76, 191, 190.960922, 115
76, 192, 191.961487, 116
76, 193, 192.964157, 117
76, 194, 193.965179, 118
76, 195, 194.968124, 119
76, 196, 195.969635, 120
77, 164, 163.992203, 87
77, 165, 164.987518, 88
77, 166, 165.985825, 89
77, 167, 166.981659, 90
77, 168, 167.979874, 91
77, 169, 168.976288, 92
77, 170, 169.974976, 93
77, 171, 170.971634, 94
77, 172, 171.970459, 95
77, 173, 172.967499, 96
77, 174, 173.966858, 97
77, 175, 174.964111, 98
77, 176, 175.963654, 99
77, 177, 176.961304, 100
77, 178, 177.961075, 101
77, 179, 178.959122, 102
77, 180, 179.959229, 103
77, 181, 180.957626, 104
77, 182, 181.958069, 105
77, 183, 182.956848, 106
77, 184, 183.957474, 107
77, 185, 184.956696, 108
77, 186, 185.957947, 109
77, 187, 186.957367, 110
77, 188, 187.958847, 111
77, 189, 188.958725, 112
77, 190, 189.960541, 113
77, 191, 190.960587, 114
77, 192, 191.962601, 115
77, 193, 192.962921, 116
77, 194, 193.965073, 117
77, 195, 194.965973, 118
77, 196, 195.968399, 119
77, 197, 196.969650, 120
77, 198, 197.972275, 121
77, 199, 198.973801, 122
78, 166, 165.994858, 88
78, 167, 166.992981, 89
78, 168, 167.988144, 90
78, 169, 168.986725, 91
78, 170, 169.982498, 92
78, 171, 170.981247, 93
78, 172, 171.977341, 94
78, 173, 172.976440, 95
78, 174, 173.972824, 96
78, 175, 174.972427, 97
78, 176, 175.968948, 98
78, 177, 176.968475, 99
78, 178, 177.965652, 100
78, 179, 178.965363, 101
78, 180, 179.963028, 102
78, 181, 180.963104, 103
78, 182, 181.961166, 104
78, 183, 182.961594, 105
78, 184, 183.959915, 106
78, 185, 184.960617, 107
78, 186, 185.959351, 108
78, 187, 186.960587, 109
78, 188, 187.959396, 110
78, 189, 188.960831, 111
78, 190, 189.959930, 112
78, 191, 190.961670, 113
78, 192, 191.961044, 114
78, 193, 192.962982, 115
78, 194, 193.962677, 116
78, 195, 194.964798, 117
78, 196, 195.964951, 118
78, 197, 196.967346, 119
78, 198, 197.967896, 120
78, 199, 198.970596, 121
78, 200, 199.971436, 122
78, 201, 200.974503, 123
78, 202, 201.975739, 124
79, 169, 168.998077, 90
79, 170, 169.996124, 91
79, 171, 170.991882, 92
79, 172, 171.990036, 93
79, 173, 172.986237, 94
79, 174, 173.984756, 95
79, 175, 174.981277, 96
79, 176, 175.980103, 97
79, 177, 176.976868, 98
79, 178, 177.976028, 99
79, 179, 178.973206, 100
79, 180, 179.972519, 101
79, 181, 180.970078, 102
79, 182, 181.969620, 103
79, 183, 182.967590, 104
79, 184, 183.967453, 105
79, 185, 184.965790, 106
79, 186, 185.965958, 107
79, 187, 186.964569, 108
79, 188, 187.965317, 109
79, 189, 188.963943, 110
79, 190, 189.964706, 111
79, 191, 190.963699, 112
79, 192, 191.964813, 113
79, 193, 192.964157, 114
79, 194, 193.965363, 115
79, 195, 194.965042, 116
79, 196, 195.966568, 117
79, 197, 196.966568, 118
79, 198, 197.968246, 119
79, 199, 198.968765, 120
79, 200, 199.970734, 121
79, 201, 200.971664, 122
79, 202, 201.973816, 123
79, 203, 202.975159, 124
79, 204, 203.977722, 125
79, 205, 204.979874, 126
80, 171, 171.003754, 91
80, 172, 171.998825, 92
80, 173, 172.997238, 93
80, 174, 173.992859, 94
80, 175, 174.991425, 95
80, 176, 175.987350, 96
80, 177, 176.986282, 97
80, 178, 177.982483, 98
80, 179, 178.981827, 99
80, 180, 179.978271, 100
80, 181, 180.977814, 101
80, 182, 181.974686, 102
80, 183, 182.974457, 103
80, 184, 183.971710, 104
80, 185, 184.971893, 105
80, 186, 185.969360, 106
80, 187, 186.969818, 107
80, 188, 187.967575, 108
80, 189, 188.968185, 109
80, 190, 189.966324, 110
80, 191, 190.967163, 111
80, 192, 191.965637, 112
80, 193, 192.966660, 113
80, 194, 193.965439, 114
80, 195, 194.966721, 115
80, 196, 195.965836, 116
80, 197, 196.967209, 117
80, 198, 197.966766, 118
80, 199, 198.968277, 119
80, 200, 199.968323, 120
80, 201, 200.970306, 121
80, 202, 201.970642, 122
80, 203, 202.972870, 123
80, 204, 203.973495, 124
80, 205, 204.976074, 125
80, 206, 205.977509, 126
80, 207, 206.982590, 127
80, 208, 207.985947, 128
80, 209, 208.991043, 129
80, 210, 209.994507, 130
81, 176, 176.000595, 95
81, 177, 176.996429, 96
81, 178, 177.994904, 97
81, 179, 178.991089, 98
81, 180, 179.989914, 99
81, 181, 180.986252, 100
81, 182, 181.985672, 101
81, 183, 182.982193, 102
81, 184, 183.981873, 103
81, 185, 184.978790, 104
81, 186, 185.978333, 105
81, 187, 186.975906, 106
81, 188, 187.976013, 107
81, 189, 188.973587, 108
81, 190, 189.973877, 109
81, 191, 190.971786, 110
81, 192, 191.972229, 111
81, 193, 192.970673, 112
81, 194, 193.971207, 113
81, 195, 194.969772, 114
81, 196, 195.970474, 115
81, 197, 196.969574, 116
81, 198, 197.970474, 117
81, 199, 198.969879, 118
81, 200, 199.970963, 119
81, 201, 200.970825, 120
81, 202, 201.972107, 121
81, 203, 202.972351, 122
81, 204, 203.973862, 123
81, 205, 204.974426, 124
81, 206, 205.976105, 125
81, 207, 206.977417, 126
81, 208, 207.982025, 127
81, 209, 208.985352, 128
81, 210, 209.990067, 129
81, 211, 210.993484, 130
81, 212, 211.998230, 131
82, 178, 178.003830, 96
82, 179, 179.002151, 97
82, 180, 179.997925, 98
82, 181, 180.996613, 99
82, 182, 181.992676, 100
82, 183, 182.991867, 101
82, 184, 183.988144, 102
82, 185, 184.987610, 103
82, 186, 185.984238, 104
82, 187, 186.983917, 105
82, 188, 187.980881, 106
82, 189, 188.980804, 107
82, 190, 189.978088, 108
82, 191, 190.978271, 109
82, 192, 191.975784, 110
82, 193, 192.976166, 111
82, 194, 193.974014, 112
82, 195, 194.974548, 113
82, 196, 195.972778, 114
82, 197, 196.973434, 115
82, 198, 197.972031, 116
82, 199, 198.972916, 117
82, 200, 199.971832, 118
82, 201, 200.972885, 119
82, 202, 201.972153, 120
82, 203, 202.973389, 121
82, 204, 203.973038, 122
82, 205, 204.974487, 123
82, 206, 205.974472, 124
82, 207, 206.975891, 125
82, 208, 207.976654, 126
82, 209, 208.981094, 127
82, 210, 209.984192, 128
82, 211, 210.988739, 129
82, 212, 211.991898, 130
82, 213, 212.996582, 131
82, 214, 213.999802, 132
82, 215, 215.004807, 133
83, 184, 184.001114, 101
83, 185, 184.997635, 102
83, 186, 185.996597, 103
83, 187, 186.993164, 104
83, 188, 187.992264, 105
83, 189, 188.989197, 106
83, 190, 189.988297, 107
83, 191, 190.985779, 108
83, 192, 191.985458, 109
83, 193, 192.982956, 110
83, 194, 193.982834, 111
83, 195, 194.980652, 112
83, 196, 195.980667, 113
83, 197, 196.978867, 114
83, 198, 197.979218, 115
83, 199, 198.977676, 116
83, 200, 199.978134, 117
83, 201, 200.977005, 118
83, 202, 201.977737, 119
83, 203, 202.976883, 120
83, 204, 203.977814, 121
83, 205, 204.977386, 122
83, 206, 205.978500, 123
83, 207, 206.978470, 124
83, 208, 207.979736, 125
83, 209, 208.980392, 126
83, 210, 209.984116, 127
83, 211, 210.987274, 128
83, 212, 211.991287, 129
83, 213, 212.994385, 130
83, 214, 213.998718, 131
83, 215, 215.001770, 132
83, 216, 216.006302, 133
83, 217, 217.009476, 134
83, 218, 218.014313, 135
84, 188, 187.999420, 104
84, 189, 188.998474, 105
84, 190, 189.995102, 106
84, 191, 190.994568, 107
84, 192, 191.991333, 108
84, 193, 192.991028, 109
84, 194, 193.988190, 110
84, 195, 194.988113, 111
84, 196, 195.985535, 112
84, 197, 196.985657, 113
84, 198, 197.983383, 114
84, 199, 198.983673, 115
84, 200, 199.981796, 116
84, 201, 200.982254, 117
84, 202, 201.980759, 118
84, 203, 202.981415, 119
84, 204, 203.980316, 120
84, 205, 204.981201, 121
84, 206, 205.980484, 122
84, 207, 206.981598, 123
84, 208, 207.981247, 124
84, 209, 208.982437, 125
84, 210, 209.982880, 126
84, 211, 210.986649, 127
84, 212, 211.988861, 128
84, 213, 212.992859, 129
84, 214, 213.995209, 130
84, 215, 214.999420, 131
84, 216, 216.001923, 132
84, 217, 217.006332, 133
84, 218, 218.008972, 134
84, 219, 219.013733, 135
84, 220, 220.016602, 136
85, 193, 192.999847, 108
85, 194, 193.998734, 109
85, 195, 194.996262, 110
85, 196, 195.995789, 111
85, 197, 196.993195, 112
85, 198, 197.992844, 113
85, 199, 198.990524, 114
85, 200, 199.990356, 115
85, 201, 200.988419, 116
85, 202, 201.988632, 117
85, 203, 202.986938, 118
85, 204, 203.987244, 119
85, 205, 204.986069, 120
85, 206, 205.986664, 121
85, 207, 206.985779, 122
85, 208, 207.986588, 123
85, 209, 208.986176, 124
85, 210, 209.987152, 125
85, 211, 210.987503, 126
85, 212, 211.990738, 127
85, 213, 212.992935, 128
85, 214, 213.996368, 129
85, 215, 214.998657, 130
85, 216, 216.002426, 131
85, 217, 217.004715, 132
85, 218, 218.008698, 133
85, 219, 219.011169, 134
85, 220, 220.015411, 135
85, 221, 221.018051, 136
85, 222, 222.022324, 137
85, 223, 223.025192, 138
86, 195, 195.005447, 109
86, 196, 196.002121, 110
86, 197, 197.001587, 111
86, 198, 197.998672, 112
86, 199, 198.998367, 113
86, 200, 199.995697, 114
86, 201, 200.995636, 115
86, 202, 201.993256, 116
86, 203, 202.993393, 117
86, 204, 203.991425, 118
86, 205, 204.991714, 119
86, 206, 205.990219, 120
86, 207, 206.990738, 121
86, 208, 207.989639, 122
86, 209, 208.990417, 123
86, 210, 209.989700, 124
86, 211, 210.990601, 125
86, 212, 211.990707, 126
86, 213, 212.993881, 127
86, 214, 213.995361, 128
86, 215, 214.998749, 129
86, 216, 216.000275, 130
86, 217, 217.003922, 131
86, 218, 218.005600, 132
86, 219, 219.009476, 133
86, 220, 220.011398, 134
86, 221, 221.015533, 135
86, 222, 222.017578, 136
86, 223, 223.021790, 137
86, 224, 224.024094, 138
86, 225, 225.028442, 139
86, 226, 226.030884, 140
86, 227, 227.035416, 141
86, 228, 228.037994, 142
87, 199, 199.007263, 112
87, 200, 200.006577, 113
87, 201, 201.003860, 114
87, 202, 202.003372, 115
87, 203, 203.000931, 116
87, 204, 204.000656, 117
87, 205, 204.998596, 118
87, 206, 205.998672, 119
87, 207, 206.996948, 120
87, 208, 207.997147, 121
87, 209, 208.995956, 122
87, 210, 209.996414, 123
87, 211, 210.995544, 124
87, 212, 211.996201, 125
87, 213, 212.996185, 126
87, 214, 213.998978, 127
87, 215, 215.000336, 128
87, 216, 216.003204, 129
87, 217, 217.004639, 130
87, 218, 218.007584, 131
87, 219, 219.009247, 132
87, 220, 220.012329, 133
87, 221, 221.014252, 134
87, 222, 222.017548, 135
87, 223, 223.019730, 136
87, 224, 224.023254, 137
87, 225, 225.025574, 138
87, 226, 226.029388, 139
87, 227, 227.031845, 140
87, 228, 228.035736, 141
87, 229, 229.038452, 142
87, 230, 230.042511, 143
87, 231, 231.045441, 144
87, 232, 232.049774, 145
88, 202, 202.009888, 114
88, 203, 203.009277, 115
88, 204, 204.006500, 116
88, 205, 205.006271, 117
88, 206, 206.003830, 118
88, 207, 207.003799, 119
88, 208, 208.001846, 120
88, 209, 209.001984, 121
88, 210, 210.000488, 122
88, 211, 211.000900, 123
88, 212, 211.999786, 124
88, 213, 213.000381, 125
88, 214, 214.000107, 126
88, 215, 215.002716, 127
88, 216, 216.003540, 128
88, 217, 217.006317, 129
88, 218, 218.007141, 130
88, 219, 219.010086, 131
88, 220, 220.011032, 132
88, 221, 221.013916, 133
88, 222, 222.015381, 134
88, 223, 223.018509, 135
88, 224, 224.020218, 136
88, 225, 225.023605, 137
88, 226, 226.025406, 138
88, 227, 227.029175, 139
88, 228, 228.031067, 140
88, 229, 229.034958, 141
88, 230, 230.037064, 142
88, 231, 231.041214, 143
88, 232, 232.043640, 144
88, 233, 233.048065, 145
88, 234, 234.050705, 146
89, 206, 206.014496, 117
89, 207, 207.011948, 118
89, 208, 208.011551, 119
89, 209, 209.009491, 120
89, 210, 210.009445, 121
89, 211, 211.007736, 122
89, 212, 212.007813, 123
89, 213, 213.006607, 124
89, 214, 214.006897, 125
89, 215, 215.006454, 126
89, 216, 216.008713, 127
89, 217, 217.009354, 128
89, 218, 218.011642, 129
89, 219, 219.012421, 130
89, 220, 220.014771, 131
89, 221, 221.015594, 132
89, 222, 222.017838, 133
89, 223, 223.019135, 134
89, 224, 224.021729, 135
89, 225, 225.023224, 136
89, 226, 226.026093, 137
89, 227, 227.027756, 138
89, 228, 228.031021, 139
89, 229, 229.033020, 140
89, 230, 230.036285, 141
89, 231, 231.038559, 142
89, 232, 232.042023, 143
89, 233, 233.044556, 144
89, 234, 234.048416, 145
89, 235, 235.051224, 146
89, 236, 236.055298, 147
90, 209, 209.017715, 119
90, 210, 210.015076, 120
90, 211, 211.014923, 121
90, 212, 212.012985, 122
90, 213, 213.013016, 123
90, 214, 214.011505, 124
90, 215, 215.011734, 125
90, 216, 216.011063, 126
90, 217, 217.013107, 127
90, 218, 218.013290, 128
90, 219, 219.015533, 129
90, 220, 220.015747, 130
90, 221, 221.018188, 131
90, 222, 222.018463, 132
90, 223, 223.020813, 133
90, 224, 224.021469, 134
90, 225, 225.023956, 135
90, 226, 226.024902, 136
90, 227, 227.027710, 137
90, 228, 228.028748, 138
90, 229, 229.031769, 139
90, 230, 230.033127, 140
90, 231, 231.036301, 141
90, 232, 232.038055, 142
90, 233, 233.041580, 143
90, 234, 234.043594, 144
90, 235, 235.047516, 145
90, 236, 236.049866, 146
90, 237, 237.053894, 147
90, 238, 238.056503, 148
91, 212, 212.023193, 121
91, 213, 213.021103, 122
91, 214, 214.020920, 123
91, 215, 215.019196, 124
91, 216, 216.019104, 125
91, 217, 217.018326, 126
91, 218, 218.020035, 127
91, 219, 219.019882, 128
91, 220, 220.021881, 129
91, 221, 221.021881, 130
91, 222, 222.023743, 131
91, 223, 223.023956, 132
91, 224, 224.025620, 133
91, 225, 225.026123, 134
91, 226, 226.027954, 135
91, 227, 227.028809, 136
91, 228, 228.031052, 137
91, 229, 229.032089, 138
91, 230, 230.034546, 139
91, 231, 231.035889, 140
91, 232, 232.038589, 141
91, 233, 233.040253, 142
91, 234, 234.043304, 143
91, 235, 235.045441, 144
91, 236, 236.048676, 145
91, 237, 237.051147, 146
91, 238, 238.054504, 147
91, 239, 239.057266, 148
91, 240, 240.060974, 149
92, 217, 217.024368, 125
92, 218, 218.023544, 126
92, 219, 219.024918, 127
92, 220, 220.024719, 128
92, 221, 221.026398, 129
92, 222, 222.026093, 130
92, 223, 223.027740, 131
92, 224, 224.027603, 132
92, 225, 225.029388, 133
92, 226, 226.029343, 134
92, 227, 227.031158, 135
92, 228, 228.031372, 136
92, 229, 229.033508, 137
92, 230, 230.033936, 138
92, 231, 231.036301, 139
92, 232, 232.037155, 140
92, 233, 233.039642, 141
92, 234, 234.040955, 142
92, 235, 235.043930, 143
92, 236, 236.045563, 144
92, 237, 237.048737, 145
92, 238, 238.050781, 146
92, 239, 239.054291, 147
92, 240, 240.056595, 148
92, 241, 241.060333, 149
92, 242, 242.062927, 150
93, 225, 225.033905, 132
93, 226, 226.035156, 133
93, 227, 227.034958, 134
93, 228, 228.036179, 135
93, 229, 229.036255, 136
93, 230, 230.037827, 137
93, 231, 231.038254, 138
93, 232, 232.040115, 139
93, 233, 233.040741, 140
93, 234, 234.042892, 141
93, 235, 235.044067, 142
93, 236, 236.046570, 143
93, 237, 237.048172, 144
93, 238, 238.050949, 145
93, 239, 239.052933, 146
93, 240, 240.056168, 147
93, 241, 241.058243, 148
93, 242, 242.061646, 149
93, 243, 243.064285, 150
93, 244, 244.067856, 151
94, 228, 228.038742, 134
94, 229, 229.040146, 135
94, 230, 230.039658, 136
94, 231, 231.041107, 137
94, 232, 232.041183, 138
94, 233, 233.042999, 139
94, 234, 234.043320, 140
94, 235, 235.045288, 141
94, 236, 236.046051, 142
94, 237, 237.048416, 143
94, 238, 238.049561, 144
94, 239, 239.052170, 145
94, 240, 240.053818, 146
94, 241, 241.056854, 147
94, 242, 242.058746, 148
94, 243, 243.061996, 149
94, 244, 244.064209, 150
94, 245, 245.067749, 151
94, 246, 246.070206, 152
94, 247, 247.074066, 153
95, 231, 231.045563, 136
95, 232, 232.046585, 137
95, 233, 233.046356, 138
95, 234, 234.047806, 139
95, 235, 235.047943, 140
95, 236, 236.049576, 141
95, 237, 237.050003, 142
95, 238, 238.051987, 143
95, 239, 239.053024, 144
95, 240, 240.055298, 145
95, 241, 241.056824, 146
95, 242, 242.059555, 147
95, 243, 243.061386, 148
95, 244, 244.064285, 149
95, 245, 245.066452, 150
95, 246, 246.069778, 151
95, 247, 247.072083, 152
95, 248, 248.075745, 153
95, 249, 249.078476, 154
96, 233, 233.050766, 137
96, 234, 234.050156, 138
96, 235, 235.051437, 139
96, 236, 236.051407, 140
96, 237, 237.052902, 141
96, 238, 238.053024, 142
96, 239, 239.054962, 143
96, 240, 240.055527, 144
96, 241, 241.057648, 145
96, 242, 242.058838, 146
96, 243, 243.061386, 147
96, 244, 244.062759, 148
96, 245, 245.065491, 149
96, 246, 246.067230, 150
96, 247, 247.070358, 151
96, 248, 248.072342, 152
96, 249, 249.075958, 153
96, 250, 250.078354, 154
96, 251, 251.082291, 155
96, 252, 252.084869, 156
97, 235, 235.056580, 138
97, 236, 236.057327, 139
97, 237, 237.057007, 140
97, 238, 238.058273, 141
97, 239, 239.058273, 142
97, 240, 240.059753, 143
97, 241, 241.060226, 144
97, 242, 242.061981, 145
97, 243, 243.063004, 146
97, 244, 244.065186, 147
97, 245, 245.066360, 148
97, 246, 246.068665, 149
97, 247, 247.070313, 150
97, 248, 248.073090, 151
97, 249, 249.074982, 152
97, 250, 250.078323, 153
97, 251, 251.080765, 154
97, 252, 252.084305, 155
97, 253, 253.086884, 156
97, 254, 254.090607, 157
98, 237, 237.062073, 139
98, 238, 238.061417, 140
98, 239, 239.062424, 141
98, 240, 240.062302, 142
98, 241, 241.063736, 143
98, 242, 242.063705, 144
98, 243, 243.065430, 145
98, 244, 244.065994, 146
98, 245, 245.068054, 147
98, 246, 246.068802, 148
98, 247, 247.070999, 149
98, 248, 248.072189, 150
98, 249, 249.074860, 151
98, 250, 250.076401, 152
98, 251, 251.079590, 153
98, 252, 252.081619, 154
98, 253, 253.085129, 155
98, 254, 254.087326, 156
98, 255, 255.091049, 157
98, 256, 256.093445, 158
99, 240, 240.068924, 141
99, 241, 241.068542, 142
99, 242, 242.069748, 143
99, 243, 243.069550, 144
99, 244, 244.070877, 145
99, 245, 245.071320, 146
99, 246, 246.072906, 147
99, 247, 247.073654, 148
99, 248, 248.075470, 149
99, 249, 249.076416, 150
99, 250, 250.078613, 151
99, 251, 251.079987, 152
99, 252, 252.082977, 153
99, 253, 253.084824, 154
99, 254, 254.088028, 155
99, 255, 255.090271, 156
99, 256, 256.093597, 157
99, 257, 257.095978, 158
99, 258, 258.099518, 159
100, 242, 242.073425, 142
100, 243, 243.074356, 143
100, 244, 244.074081, 144
100, 245, 245.075394, 145
100, 246, 246.075302, 146
100, 247, 247.076843, 147
100, 248, 248.077194, 148
100, 249, 249.079025, 149
100, 250, 250.079514, 150
100, 251, 251.081573, 151
100, 252, 252.082474, 152
100, 253, 253.085190, 153
100, 254, 254.086853, 154
100, 255, 255.089966, 155
100, 256, 256.091766, 156
100, 257, 257.095093, 157
100, 258, 258.097076, 158
100, 259, 259.100586, 159
100, 260, 260.102692, 160
101, 245, 245.080826, 144
101, 246, 246.081894, 145
101, 247, 247.081635, 146
101, 248, 248.082825, 147
101, 249, 249.083008, 148
101, 250, 250.084427, 149
101, 251, 251.084839, 150
101, 252, 252.086563, 151
101, 253, 253.087280, 152
101, 254, 254.089661, 153
101, 255, 255.091080, 154
101, 256, 256.094055, 155
101, 257, 257.095551, 156
101, 258, 258.098419, 157
101, 259, 259.100525, 158
101, 260, 260.103638, 159
101, 261, 261.105713, 160
101, 262, 262.108856, 161
102, 248, 248.086594, 146
102, 249, 249.087830, 147
102, 250, 250.087509, 148
102, 251, 251.089005, 149
102, 252, 252.088974, 150
102, 253, 253.090683, 151
102, 254, 254.090958, 152
102, 255, 255.093246, 153
102, 256, 256.094269, 154
102, 257, 257.096863, 155
102, 258, 258.098206, 156
102, 259, 259.101044, 157
102, 260, 260.102631, 158
102, 261, 261.105743, 159
102, 262, 262.107300, 160
102, 263, 263.110565, 161
102, 264, 264.112335, 162
103, 251, 251.094360, 148
103, 252, 252.095367, 149
103, 253, 253.095215, 150
103, 254, 254.096451, 151
103, 255, 255.096680, 152
103, 256, 256.098633, 153
103, 257, 257.099548, 154
103, 258, 258.101807, 155
103, 259, 259.102905, 156
103, 260, 260.105499, 157
103, 261, 261.106873, 158
103, 262, 262.109619, 159
103, 263, 263.111298, 160
103, 264, 264.114044, 161
103, 265, 265.115845, 162
103, 266, 266.119324, 163
104, 253, 253.100693, 149
104, 254, 254.100174, 150
104, 255, 255.101334, 151
104, 256, 256.101166, 152
104, 257, 257.102997, 153
104, 258, 258.103485, 154
104, 259, 259.105652, 155
104, 260, 260.106445, 156
104, 261, 261.108765, 157
104, 262, 262.109924, 158
104, 263, 263.112549, 159
104, 264, 264.113983, 160
104, 265, 265.116699, 161
104, 266, 266.117950, 162
104, 267, 267.121521, 163
104, 268, 268.123627, 164
105, 255, 255.107407, 150
105, 256, 256.108124, 151
105, 257, 257.107727, 152
105, 258, 258.109222, 153
105, 259, 259.109619, 154
105, 260, 260.111298, 155
105, 261, 261.112061, 156
105, 262, 262.114075, 157
105, 263, 263.114990, 158
105, 264, 264.117401, 159
105, 265, 265.118591, 160
105, 266, 266.121033, 161
105, 267, 267.122375, 162
105, 268, 268.125458, 163
105, 269, 269.127472, 164
105, 270, 270.130707, 165
106, 258, 258.113159, 152
106, 259, 259.114502, 153
106, 260, 260.114410, 154
106, 261, 261.116119, 155
106, 262, 262.116394, 156
106, 263, 263.118317, 157
106, 264, 264.118927, 158
106, 265, 265.121124, 159
106, 266, 266.122070, 160
106, 267, 267.124420, 161
106, 268, 268.125610, 162
106, 269, 269.128754, 163
106, 270, 270.130341, 164
106, 271, 271.133484, 165
106, 272, 272.135162, 166
106, 273, 273.138214, 167
107, 260, 260.121979, 153
107, 261, 261.121674, 154
107, 262, 262.122894, 155
107, 263, 263.123047, 156
107, 264, 264.124603, 157
107, 265, 265.125153, 158
107, 266, 266.126953, 159
107, 267, 267.127655, 160
107, 268, 268.129761, 161
107, 269, 269.130676, 162
107, 270, 270.133606, 163
107, 271, 271.135193, 164
107, 272, 272.138031, 165
107, 273, 273.139618, 166
107, 274, 274.142426, 167
107, 275, 275.144257, 168
108, 263, 263.128571, 155
108, 264, 264.128387, 156
108, 265, 265.130096, 157
108, 266, 266.130096, 158
108, 267, 267.131775, 159
108, 268, 268.132172, 160
108, 269, 269.134064, 161
108, 270, 270.134644, 162
108, 271, 271.137665, 163
108, 272, 272.139038, 164
108, 273, 273.141998, 165
108, 274, 274.143127, 166
108, 275, 275.145935, 167
108, 276, 276.147217, 168
108, 277, 277.149841, 169
109, 265, 265.136139, 156
109, 266, 266.137299, 157
109, 267, 267.137299, 158
109, 268, 268.138733, 159
109, 269, 269.139069, 160
109, 270, 270.140656, 161
109, 271, 271.141144, 162
109, 272, 272.143738, 163
109, 273, 273.144897, 164
109, 274, 274.147491, 165
109, 275, 275.148651, 166
109, 276, 276.151154, 167
109, 277, 277.152405, 168
109, 278, 278.154816, 169
109, 279, 279.156189, 170
110, 267, 267.144348, 157
110, 268, 268.143799, 158
110, 269, 269.145111, 159
110, 270, 270.144714, 160
110, 271, 271.146057, 161
110, 272, 272.146332, 162
110, 273, 273.148865, 163
110, 274, 274.149475, 164
110, 275, 275.152191, 165
110, 276, 276.153015, 166
110, 277, 277.155640, 167
110, 278, 278.156464, 168
110, 279, 279.158875, 169
110, 280, 280.159790, 170
110, 281, 281.162048, 171
111, 272, 272.153625, 161
111, 273, 273.153687, 162
111, 274, 274.155701, 163
111, 275, 275.156128, 164
111, 276, 276.158478, 165
111, 277, 277.159515, 166
111, 278, 278.161591, 167
111, 279, 279.162476, 168
111, 280, 280.164459, 169
111, 281, 281.165375, 170
111, 282, 282.167480, 171
111, 283, 283.168427, 172
112, 277, 277.163940, 165
112, 278, 278.164307, 166
112, 279, 279.166565, 167
112, 280, 280.167053, 168
112, 281, 281.169281, 169
112, 282, 282.169769, 170
112, 283, 283.171783, 171
112, 284, 284.172394, 172
112, 285, 285.174103, 173
113, 283, 283.176453, 170
113, 284, 284.178070, 171
113, 285, 285.178741, 172
113, 286, 286.180481, 173
113, 287, 287.181061, 174
114, 285, 285.183685, 171
114, 286, 286.183868, 172
114, 287, 287.185608, 173
114, 288, 288.185699, 174
114, 289, 289.187286, 175
115, 287, 287.191193, 172
115, 288, 288.192505, 173
115, 289, 289.192719, 174
115, 290, 290.194153, 175
115, 291, 291.194366, 176
116, 289, 289.198853, 173
116, 290, 290.198578, 174
116, 291, 291.200012, 175
116, 292, 292.199799, 176
117, 291, 291.206573, 174
117, 292, 292.207550, 175
118, 293, 293.214661, 175
0, 0, 0.000000, 0
6750544, 0, 0.000000, -6750544
