1 1 1.00783
1 2 2.01410
1 3 3.01605
1 4 4.02781
1 5 5.03531
1 6 6.04494
1 7 7.05275
2 3 3.01603
2 4 4.00260
2 5 5.01222
2 6 6.01889
2 7 7.02802
2 8 8.03392
2 9 9.04395
2 10 10.05240
3 3 3.03078
3 4 4.02719
3 5 5.01254
3 6 6.01512
3 7 7.01600
3 8 8.02249
3 9 9.02679
3 10 10.03548
3 11 11.04380
3 12 12.05378
4 5 5.04079
4 6 6.01973
4 7 7.01693
4 8 8.00531
4 9 9.01218
4 10 10.01353
4 11 11.02166
4 12 12.02692
4 13 13.03569
4 14 14.04289
4 15 15.05346
4 16 16.06192
5 6 6.04681
5 7 7.02992
5 8 8.02461
5 9 9.01333
5 10 10.01294
5 11 11.00931
5 12 12.01435
5 13 13.01778
5 14 14.02540
5 15 15.03110
5 16 16.03981
5 17 17.04699
5 18 18.05617
5 19 19.06373
6 8 8.03767
6 9 9.03104
6 10 10.01685
6 11 11.01143
6 12 12.00000
6 13 13.00336
6 14 14.00324
6 15 15.01060
6 16 16.01470
6 17 17.02259
6 18 18.02676
6 19 19.03481
6 20 20.04032
6 21 21.04934
6 22 22.05720
7 10 10.04165
7 11 11.02609
7 12 12.01861
7 13 13.00574
7 14 14.00307
7 15 15.00011
7 16 16.00610
7 17 17.00845
7 18 18.01408
7 19 19.01703
7 20 20.02337
7 21 21.02711
7 22 22.03439
7 23 23.04122
7 24 24.05104
7 25 25.06066
8 12 12.03440
8 13 13.02481
8 14 14.00860
8 15 15.00307
8 16 15.99492
8 17 16.99913
8 18 17.99916
8 19 19.00358
8 20 20.00408
8 21 21.00866
8 22 22.00997
8 23 23.01569
8 24 24.02047
8 25 25.02946
8 26 26.03834
8 27 27.04826
8 28 28.05781
9 14 14.03506
9 15 15.01801
9 16 16.01147
9 17 17.00210
9 18 18.00094
9 19 18.99840
9 20 19.99998
9 21 20.99995
9 22 22.00300
9 23 23.00357
9 24 24.00812
9 25 25.01210
9 26 26.01962
9 27 27.02676
9 28 28.03567
9 29 29.04326
9 30 30.05250
9 31 31.06043
10 16 16.02576
10 17 17.01767
10 18 18.00571
10 19 19.00188
10 20 19.99244
10 21 20.99385
10 22 21.99138
10 23 22.99447
10 24 23.99361
10 25 24.99774
10 26 26.00046
10 27 27.00759
10 28 28.01207
10 29 29.01939
10 30 30.02480
10 31 31.03311
10 32 32.04002
10 33 33.04938
10 34 34.05703
11 18 18.02597
11 19 19.01388
11 20 20.00735
11 21 20.99766
11 22 21.99444
11 23 22.98977
11 24 23.99096
11 25 24.98995
11 26 25.99263
11 27 26.99408
11 28 27.99894
11 29 29.00286
11 30 30.00898
11 31 31.01359
11 32 32.02047
11 33 33.02672
11 34 34.03517
11 35 35.04249
11 36 36.05148
11 37 37.05934
12 19 19.03547
12 20 20.01886
12 21 21.01171
12 22 21.99957
12 23 22.99412
12 24 23.98504
12 25 24.98584
12 26 25.98259
12 27 26.98434
12 28 27.98388
12 29 28.98860
12 30 29.99043
12 31 30.99655
12 32 31.99898
12 33 33.00525
12 34 34.00946
12 35 35.01734
12 36 36.02300
12 37 37.03140
12 38 38.03757
12 39 39.04677
12 40 40.05393
13 21 21.02804
13 22 22.01952
13 23 23.00727
13 24 23.99994
13 25 24.99043
13 26 25.98689
13 27 26.98154
13 28 27.98191
13 29 28.98045
13 30 29.98296
13 31 30.98395
13 32 31.98812
13 33 32.99084
13 34 33.99685
13 35 34.99986
13 36 36.00621
13 37 37.01068
13 38 38.01723
13 39 39.02297
13 40 40.03145
13 41 41.03833
13 42 42.04689
14 22 22.03453
14 23 23.02552
14 24 24.01155
14 25 25.00411
14 26 25.99233
14 27 26.98671
14 28 27.97693
14 29 28.97649
14 30 29.97377
14 31 30.97536
14 32 31.97415
14 33 32.97800
14 34 33.97858
14 35 34.98458
14 36 35.98660
14 37 36.99294
14 38 37.99563
14 39 39.00207
14 40 40.00587
14 41 41.01456
14 42 42.01979
14 43 43.02866
14 44 44.03526
15 24 24.03435
15 25 25.02026
15 26 26.01178
15 27 26.99923
15 28 27.99232
15 29 28.98180
15 30 29.97831
15 31 30.97376
15 32 31.97391
15 33 32.97173
15 34 33.97364
15 35 34.97331
15 36 35.97826
15 37 36.97961
15 38 37.98416
15 39 38.98618
15 40 39.99130
15 41 40.99434
15 42 42.00101
15 43 43.00619
15 44 44.01299
15 45 45.01922
15 46 46.02738
16 26 26.02788
16 27 27.01883
16 28 28.00437
16 29 28.99661
16 30 29.98490
16 31 30.97956
16 32 31.97207
16 33 32.97146
16 34 33.96787
16 35 34.96903
16 36 35.96708
16 37 36.97113
16 38 37.97116
16 39 38.97513
16 40 39.97545
16 41 40.97958
16 42 41.98102
16 43 42.98715
16 44 43.99021
16 45 44.99651
16 46 46.00075
16 47 47.00859
16 48 48.01417
16 49 49.02362
17 28 28.02851
17 29 29.01411
17 30 30.00477
17 31 30.99241
17 32 31.98569
17 33 32.97745
17 34 33.97376
17 35 34.96885
17 36 35.96831
17 37 36.96590
17 38 37.96801
17 39 38.96801
17 40 39.97042
17 41 40.97068
17 42 41.97325
17 43 42.97405
17 44 43.97828
17 45 44.98029
17 46 45.98421
17 47 46.98871
17 48 47.99495
17 49 49.00032
17 50 50.00784
17 51 51.01449
18 30 30.02156
18 31 31.01212
18 32 31.99764
18 33 32.98993
18 34 33.98027
18 35 34.97526
18 36 35.96754
18 37 36.96678
18 38 37.96273
18 39 38.96431
18 40 39.96238
18 41 40.96450
18 42 41.96305
18 43 42.96564
18 44 43.96492
18 45 44.96804
18 46 45.96809
18 47 46.97219
18 48 47.97454
18 49 48.98052
18 50 49.98443
18 51 50.99163
18 52 51.99678
18 53 53.00494
19 32 32.02192
19 33 33.00726
19 34 33.99841
19 35 34.98801
19 36 35.98129
19 37 36.97338
19 38 37.96908
19 39 38.96371
19 40 39.96400
19 41 40.96183
19 42 41.96240
19 43 42.96072
19 44 43.96156
19 45 44.96070
19 46 45.96198
19 47 46.96168
19 48 47.96552
19 49 48.96745
19 50 49.97278
19 51 50.97638
19 52 51.98261
19 53 52.98712
19 54 53.99420
19 55 54.99971
20 34 34.01412
20 35 35.00494
20 36 35.99309
20 37 36.98587
20 38 37.97632
20 39 38.97072
20 40 39.96259
20 41 40.96228
20 42 41.95862
20 43 42.95877
20 44 43.95548
20 45 44.95619
20 46 45.95369
20 47 46.95455
20 48 47.95253
20 49 48.95567
20 50 49.95752
20 51 50.96150
20 52 51.96510
20 53 52.97005
20 54 53.97435
20 55 54.98055
20 56 55.98557
20 57 56.99236
21 36 36.01492
21 37 37.00305
21 38 37.99470
21 39 38.98479
21 40 39.97797
21 41 40.96925
21 42 41.96552
21 43 42.96115
21 44 43.95940
21 45 44.95591
21 46 45.95517
21 47 46.95241
21 48 47.95223
21 49 48.95002
21 50 49.95219
21 51 50.95360
21 52 51.95668
21 53 52.95961
21 54 53.96326
21 55 54.96824
21 56 55.97287
21 57 56.97779
21 58 57.98371
21 59 58.98922
21 60 59.99571
22 38 38.00977
22 39 39.00161
22 40 39.99050
22 41 40.98315
22 42 41.97303
22 43 42.96852
22 44 43.95969
22 45 44.95813
22 46 45.95263
22 47 46.95176
22 48 47.94794
22 49 48.94787
22 50 49.94479
22 51 50.94661
22 52 51.94690
22 53 52.94973
22 54 53.95105
22 55 54.95527
22 56 55.95820
22 57 56.96399
22 58 57.96697
22 59 58.97293
22 60 59.97676
22 61 60.98320
22 62 61.98749
22 63 62.99442
23 40 40.01109
23 41 40.99978
23 42 41.99123
23 43 42.98065
23 44 43.97411
23 45 44.96577
23 46 45.96020
23 47 46.95491
23 48 47.95226
23 49 48.94852
23 50 49.94716
23 51 50.94396
23 52 51.94477
23 53 52.94434
23 54 53.94644
23 55 54.94723
23 56 55.95053
23 57 56.95256
23 58 57.95683
23 59 58.96021
23 60 59.96503
23 61 60.96848
23 62 61.97378
23 63 62.97755
23 64 63.98347
23 65 64.98792
24 42 42.00643
24 43 42.99771
24 44 43.98555
24 45 44.97964
24 46 45.96836
24 47 46.96290
24 48 47.95403
24 49 48.95134
24 50 49.94604
24 51 50.94477
24 52 51.94051
24 53 52.94065
24 54 53.93888
24 55 54.94084
24 56 55.94065
24 57 56.94361
24 58 57.94435
24 59 58.94859
24 60 59.95008
24 61 60.95472
24 62 61.95661
24 63 62.96186
24 64 63.96441
24 65 64.97016
24 66 65.97338
24 67 66.97955
25 44 44.00687
25 45 44.99451
25 46 45.98672
25 47 46.97610
25 48 47.96852
25 49 48.95962
25 50 49.95424
25 51 50.94821
25 52 51.94556
25 53 52.94129
25 54 53.94036
25 55 54.93805
25 56 55.93890
25 57 56.93829
25 58 57.93998
25 59 58.94044
25 60 59.94291
25 61 60.94465
25 62 61.94843
25 63 62.95024
25 64 63.95425
25 65 64.95634
25 66 65.96108
25 67 66.96414
25 68 67.96930
25 69 68.97284
26 45 45.01458
26 46 46.00081
26 47 46.99289
26 48 47.98050
26 49 48.97361
26 50 49.96299
26 51 50.95682
26 52 51.94811
26 53 52.94531
26 54 53.93961
26 55 54.93829
26 56 55.93494
26 57 56.93539
26 58 57.93328
26 59 58.93488
26 60 59.93407
26 61 60.93674
26 62 61.93677
26 63 62.94037
26 64 63.94120
26 65 64.94538
26 66 65.94678
26 67 66.95095
26 68 67.95370
26 69 68.95878
26 70 69.96146
26 71 70.96672
26 72 71.96962
27 47 47.01149
27 48 48.00176
27 49 48.98972
27 50 49.98154
27 51 50.97072
27 52 51.96359
27 53 52.95422
27 54 53.94846
27 55 54.94200
27 56 55.93984
27 57 56.93629
27 58 57.93575
27 59 58.93319
27 60 59.93382
27 61 60.93248
27 62 61.93405
27 63 62.93361
27 64 63.93581
27 65 64.93648
27 66 65.93976
27 67 66.94089
27 68 67.94487
27 69 68.94632
27 70 69.95100
27 71 70.95290
27 72 71.95781
27 73 72.96024
27 74 73.96538
27 75 74.96833
28 48 48.01975
28 49 49.00966
28 50 49.99593
28 51 50.98772
28 52 51.97568
28 53 52.96847
28 54 53.95791
28 55 54.95133
28 56 55.94213
28 57 56.93979
28 58 57.93534
28 59 58.93435
28 60 59.93079
28 61 60.93106
28 62 61.92834
28 63 62.92967
28 64 63.92797
28 65 64.93008
28 66 65.92914
28 67 66.93157
28 68 67.93187
28 69 68.93561
28 70 69.93650
28 71 70.94074
28 72 71.94209
28 73 72.94647
28 74 73.94807
28 75 74.95287
28 76 75.95533
28 77 76.96055
28 78 77.96318
29 52 51.99718
29 53 52.98555
29 54 53.97671
29 55 54.96605
29 56 55.95856
29 57 56.94921
29 58 57.94454
29 59 58.93950
29 60 59.93737
29 61 60.93346
29 62 61.93258
29 63 62.92960
29 64 63.92976
29 65 64.92779
29 66 65.92887
29 67 66.92773
29 68 67.92961
29 69 68.92943
29 70 69.93240
29 71 70.93268
29 72 71.93582
29 73 72.93668
29 74 73.93987
29 75 74.94190
29 76 75.94527
29 77 76.94785
29 78 77.95196
29 79 78.95456
29 80 79.96087
30 54 53.99295
30 55 54.98398
30 56 55.97238
30 57 56.96479
30 58 57.95459
30 59 58.94926
30 60 59.94183
30 61 60.93951
30 62 61.93433
30 63 62.93321
30 64 63.92914
30 65 64.92924
30 66 65.92603
30 67 66.92712
30 68 67.92484
30 69 68.92655
30 70 69.92532
30 71 70.92772
30 72 71.92686
30 73 72.92978
30 74 73.92946
30 75 74.93294
30 76 75.93329
30 77 76.93696
30 78 77.93844
30 79 78.94265
30 80 79.94434
30 81 80.95048
30 82 81.95442
30 83 82.96103
31 56 55.99491
31 57 56.98293
31 58 57.97425
31 59 58.96337
31 60 59.95706
31 61 60.94945
31 62 61.94418
31 63 62.93929
31 64 63.93684
31 65 64.93273
31 66 65.93159
31 67 66.92820
31 68 67.92798
31 69 68.92558
31 70 69.92603
31 71 70.92470
31 72 71.92637
31 73 72.92517
31 74 73.92695
31 75 74.92650
31 76 75.92883
31 77 76.92915
31 78 77.93161
31 79 78.93289
31 80 79.93652
31 81 80.93775
31 82 81.94299
31 83 82.94698
31 84 83.95265
31 85 84.95700
31 86 85.96312
32 58 57.99101
32 59 58.98175
32 60 59.97019
32 61 60.96379
32 62 61.95465
32 63 62.94964
32 64 63.94165
32 65 64.93944
32 66 65.93384
32 67 66.93273
32 68 67.92809
32 69 68.92796
32 70 69.92425
32 71 70.92495
32 72 71.92207
32 73 72.92346
32 74 73.92118
32 75 74.92286
32 76 75.92140
32 77 76.92355
32 78 77.92285
32 79 78.92540
32 80 79.92537
32 81 80.92882
32 82 81.92955
32 83 82.93462
32 84 83.93747
32 85 84.94303
32 86 85.94649
32 87 86.95251
32 88 87.95691
32 89 88.96383
33 60 59.99313
33 61 60.98062
33 62 61.97320
33 63 62.96369
33 64 63.95757
33 65 64.94956
33 66 65.94471
33 67 66.93919
33 68 67.93677
33 69 68.93227
33 70 69.93092
33 71 70.92711
33 72 71.92675
33 73 72.92383
33 74 73.92393
33 75 74.92159
33 76 75.92239
33 77 76.92065
33 78 77.92183
33 79 78.92094
33 80 79.92253
33 81 80.92213
33 82 81.92450
33 83 82.92498
33 84 83.92906
33 85 84.93202
33 86 85.93650
33 87 86.93990
33 88 87.94494
33 89 88.94939
33 90 89.95550
33 91 90.96043
33 92 91.96680
34 65 64.96466
34 66 65.95521
34 67 66.95009
34 68 67.94180
34 69 68.93956
34 70 69.93339
34 71 70.93224
34 72 71.92711
34 73 72.92677
34 74 73.92248
34 75 74.92252
34 76 75.91921
34 77 76.91991
34 78 77.91731
34 79 78.91850
34 80 79.91652
34 81 80.91799
34 82 81.91670
34 83 82.91912
34 84 83.91846
34 85 84.92225
34 86 85.92427
34 87 86.92852
34 88 87.93142
34 89 88.93645
34 90 89.93996
34 91 90.94596
34 92 91.94992
34 93 92.95629
34 94 93.96049
35 67 66.96479
35 68 67.95852
35 69 68.95011
35 70 69.94479
35 71 70.93874
35 72 71.93664
35 73 72.93169
35 74 73.92989
35 75 74.92577
35 76 75.92454
35 77 76.92138
35 78 77.92114
35 79 78.91833
35 80 79.91853
35 81 80.91629
35 82 81.91680
35 83 82.91518
35 84 83.91648
35 85 84.91561
35 86 85.91880
35 87 86.92071
35 88 87.92407
35 89 88.92639
35 90 89.93063
35 91 90.93397
35 92 91.93926
35 93 92.94305
35 94 93.94868
35 95 94.95287
35 96 95.95853
35 97 96.96280
36 69 68.96518
36 70 69.95526
36 71 70.94963
36 72 71.94209
36 73 72.93929
36 74 73.93308
36 75 74.93095
36 76 75.92591
36 77 76.92467
36 78 77.92036
36 79 78.92008
36 80 79.91638
36 81 80.91660
36 82 81.91348
36 83 82.91414
36 84 83.91151
36 85 84.91253
36 86 85.91061
36 87 86.91335
36 88 87.91444
36 89 88.91763
36 90 89.91952
36 91 90.92345
36 92 91.92616
36 93 92.93127
36 94 93.93436
36 95 94.93984
36 96 95.94307
36 97 96.94856
36 98 97.95191
36 99 98.95760
36 100 99.96114
37 71 70.96532
37 72 71.95908
37 73 72.95056
37 74 73.94427
37 75 74.93857
37 76 75.93507
37 77 76.93040
37 78 77.92814
37 79 78.92399
37 80 79.92252
37 81 80.91900
37 82 81.91821
37 83 82.91511
37 84 83.91438
37 85 84.91179
37 86 85.91117
37 87 86.90918
37 88 87.91132
37 89 88.91228
37 90 89.91480
37 91 90.91653
37 92 91.91973
37 93 92.92204
37 94 93.92641
37 95 94.92931
37 96 95.93427
37 97 96.93735
37 98 97.94179
37 99 98.94538
37 100 99.94987
37 101 100.95320
37 102 101.95887
38 73 72.96597
38 74 73.95631
38 75 74.94995
38 76 75.94177
38 77 76.93794
38 78 77.93218
38 79 78.92971
38 80 79.92452
38 81 80.92321
38 82 81.91840
38 83 82.91756
38 84 83.91342
38 85 84.91293
38 86 85.90926
38 87 86.90887
38 88 87.90561
38 89 88.90745
38 90 89.90774
38 91 90.91020
38 92 91.91104
38 93 92.91402
38 94 93.91536
38 95 94.91936
38 96 95.92170
38 97 96.92616
38 98 97.92845
38 99 98.93324
38 100 99.93535
38 101 100.94052
38 102 101.94302
38 103 102.94895
38 104 103.95233
38 105 104.95858
39 76 75.95845
39 77 76.94965
39 78 77.94361
39 79 78.93735
39 80 79.93428
39 81 80.92913
39 82 81.92679
39 83 82.92235
39 84 83.92039
39 85 84.91644
39 86 85.91489
39 87 86.91087
39 88 87.90950
39 89 88.90585
39 90 89.90715
39 91 90.90730
39 92 91.90895
39 93 92.90958
39 94 93.91160
39 95 94.91282
39 96 95.91589
39 97 96.91814
39 98 97.92220
39 99 98.92464
39 100 99.92776
39 101 100.93031
39 102 101.93356
39 103 102.93673
39 104 103.94105
39 105 104.94487
39 106 105.94979
39 107 106.95414
39 108 107.95948
40 78 77.95523
40 79 78.94916
40 80 79.94040
40 81 80.93721
40 82 81.93109
40 83 82.92865
40 84 83.92325
40 85 84.92147
40 86 85.91647
40 87 86.91482
40 88 87.91022
40 89 88.90889
40 90 89.90470
40 91 90.90565
40 92 91.90504
40 93 92.90648
40 94 93.90632
40 95 94.90804
40 96 95.90827
40 97 96.91095
40 98 97.91273
40 99 98.91651
40 100 99.91776
40 101 100.92114
40 102 101.92298
40 103 102.92660
40 104 103.92878
40 105 104.93305
40 106 105.93591
40 107 106.94075
40 108 107.94396
40 109 108.94924
40 110 109.95287
41 81 80.94903
41 82 81.94313
41 83 82.93671
41 84 83.93357
41 85 84.92791
41 86 85.92504
41 87 86.92036
41 88 87.91833
41 89 88.91342
41 90 89.91126
41 91 90.90700
41 92 91.90720
41 93 92.90638
41 94 93.90729
41 95 94.90684
41 96 95.90810
41 97 96.90810
41 98 97.91033
41 99 98.91162
41 100 99.91418
41 101 100.91525
41 102 101.91804
41 103 102.91914
41 104 103.92246
41 105 104.92394
41 106 105.92797
41 107 106.93031
41 108 107.93484
41 109 108.93763
41 110 109.94244
41 111 110.94565
41 112 111.95083
41 113 112.95470
42 83 82.94874
42 84 83.94009
42 85 84.93655
42 86 85.93070
42 87 86.92733
42 88 87.92195
42 89 88.91948
42 90 89.91394
42 91 90.91175
42 92 91.90681
42 93 92.90681
42 94 93.90509
42 95 94.90585
42 96 95.90468
42 97 96.90602
42 98 97.90541
42 99 98.90771
42 100 99.90748
42 101 100.91035
42 102 101.91029
42 103 102.91321
42 104 103.91376
42 105 104.91697
42 106 105.91814
42 107 106.92169
42 108 107.92345
42 109 108.92781
42 110 109.92973
42 111 110.93441
42 112 111.93684
42 113 112.94188
42 114 113.94492
42 115 114.95029
43 85 84.94883
43 86 85.94288
43 87 86.93653
43 88 87.93268
43 89 88.92717
43 90 89.92356
43 91 90.91843
43 92 91.91526
43 93 92.91025
43 94 93.90966
43 95 94.90765
43 96 95.90787
43 97 96.90636
43 98 97.90722
43 99 98.90626
43 100 99.90766
43 101 100.90732
43 102 101.90922
43 103 102.90918
43 104 103.91145
43 105 104.91166
43 106 105.91436
43 107 106.91508
43 108 107.91846
43 109 108.91998
43 110 109.92382
43 111 110.92569
43 112 111.92915
43 113 112.93159
43 114 113.93588
43 115 114.93869
43 116 115.94337
43 117 116.94648
43 118 117.95148
44 87 86.94918
44 88 87.94026
44 89 88.93611
44 90 89.92989
44 91 90.92629
44 92 91.92012
44 93 92.91705
44 94 93.91136
44 95 94.91042
44 96 95.90760
44 97 96.90755
44 98 97.90529
44 99 98.90594
44 100 99.90422
44 101 100.90558
44 102 101.90435
44 103 102.90633
44 104 103.90543
44 105 104.90775
44 106 105.90733
44 107 106.90991
44 108 107.91017
44 109 108.91320
44 110 109.91414
44 111 110.91770
44 112 111.91897
44 113 112.92249
44 114 113.92428
44 115 114.92869
44 116 115.93081
44 117 116.93558
44 118 117.93782
44 119 118.94284
44 120 119.94531
45 89 88.94884
45 90 89.94287
45 91 90.93655
45 92 91.93198
45 93 92.92574
45 94 93.92170
45 95 94.91590
45 96 95.91446
45 97 96.91134
45 98 97.91071
45 99 98.90813
45 100 99.90812
45 101 100.90617
45 102 101.90685
45 103 102.90550
45 104 103.90665
45 105 104.90569
45 106 105.90729
45 107 106.90675
45 108 107.90873
45 109 108.90874
45 110 109.91114
45 111 110.91159
45 112 111.91439
45 113 112.91553
45 114 113.91881
45 115 114.92033
45 116 115.92406
45 117 116.92598
45 118 117.93007
45 119 118.93211
45 120 119.93641
45 121 120.93872
45 122 121.94321
46 91 90.94911
46 92 91.94042
46 93 92.93591
46 94 93.92877
46 95 94.92469
46 96 95.91816
46 97 96.91648
46 98 97.91272
46 99 98.91177
46 100 99.90851
46 101 100.90829
46 102 101.90561
46 103 102.90609
46 104 103.90404
46 105 104.90508
46 106 105.90349
46 107 106.90514
46 108 107.90389
46 109 108.90595
46 110 109.90515
46 111 110.90767
46 112 111.90731
46 113 112.91015
46 114 113.91036
46 115 114.91368
46 116 115.91416
46 117 116.91784
46 118 117.91898
46 119 118.92311
46 120 119.92469
46 121 120.92887
46 122 121.93055
46 123 122.93493
46 124 123.93688
47 93 92.94978
47 94 93.94278
47 95 94.93548
47 96 95.93068
47 97 96.92397
47 98 97.92157
47 99 98.91760
47 100 99.91610
47 101 100.91280
47 102 101.91169
47 103 102.90897
47 104 103.90863
47 105 104.90653
47 106 105.90667
47 107 106.90510
47 108 107.90595
47 109 108.90475
47 110 109.90611
47 111 110.90529
47 112 111.90701
47 113 112.90657
47 114 113.90881
47 115 114.90876
47 116 115.91136
47 117 116.91168
47 118 117.91458
47 119 118.91567
47 120 119.91879
47 121 120.91985
47 122 121.92353
47 123 122.92490
47 124 123.92864
47 125 124.93043
47 126 125.93450
47 127 126.93677
47 128 127.94117
47 129 128.94370
47 130 129.95045
48 95 94.94987
48 96 95.93977
48 97 96.93494
48 98 97.92740
48 99 98.92501
48 100 99.92029
48 101 100.91868
48 102 101.91446
48 103 102.91342
48 104 103.90985
48 105 104.90947
48 106 105.90646
48 107 106.90662
48 108 107.90418
48 109 108.90498
48 110 109.90300
48 111 110.90417
48 112 111.90276
48 113 112.90440
48 114 113.90336
48 115 114.90543
48 116 115.90475
48 117 116.90722
48 118 117.90691
48 119 118.90992
48 120 119.90985
48 121 120.91298
48 122 121.91333
48 123 122.91700
48 124 123.91765
48 125 124.92125
48 126 125.92235
48 127 126.92644
48 128 127.92776
48 129 128.93214
48 130 129.93390
48 131 130.94067
48 132 131.94556
49 97 96.94954
49 98 97.94214
49 99 98.93422
49 100 99.93111
49 101 100.92634
49 102 101.92409
49 103 102.91991
49 104 103.91830
49 105 104.91467
49 106 105.91347
49 107 106.91029
49 108 107.90970
49 109 108.90715
49 110 109.90717
49 111 110.90511
49 112 111.90553
49 113 112.90406
49 114 113.90491
49 115 114.90388
49 116 115.90526
49 117 116.90451
49 118 117.90636
49 119 118.90585
49 120 119.90796
49 121 120.90784
49 122 121.91028
49 123 122.91044
49 124 123.91318
49 125 124.91360
49 126 125.91646
49 127 126.91735
49 128 127.92017
49 129 128.92171
49 130 129.92497
49 131 130.92685
49 132 131.93298
49 133 132.93781
49 134 133.94415
49 135 134.94933
50 99 98.94933
50 100 99.93904
50 101 100.93606
50 102 101.93030
50 103 102.92810
50 104 103.92314
50 105 104.92135
50 106 105.91688
50 107 106.91564
50 108 107.91193
50 109 108.91129
50 110 109.90784
50 111 110.90774
50 112 111.90482
50 113 112.90517
50 114 113.90278
50 115 114.90334
50 116 115.90174
50 117 116.90295
50 118 117.90160
50 119 118.90331
50 120 119.90219
50 121 120.90424
50 122 121.90344
50 123 122.90572
50 124 123.90527
50 125 124.90778
50 126 125.90765
50 127 126.91036
50 128 127.91054
50 129 128.91348
50 130 129.91397
50 131 130.91701
50 132 131.91782
50 133 132.92383
50 134 133.92828
50 135 134.93472
50 136 135.93935
50 137 136.94598
51 103 102.93969
51 104 103.93647
51 105 104.93149
51 106 105.92879
51 107 106.92415
51 108 107.92216
51 109 108.91813
51 110 109.91675
51 111 110.91316
51 112 111.91240
51 113 112.90937
51 114 113.90927
51 115 114.90660
51 116 115.90679
51 117 116.90484
51 118 117.90553
51 119 118.90394
51 120 119.90508
51 121 120.90382
51 122 121.90517
51 123 122.90421
51 124 123.90594
51 125 124.90525
51 126 125.90725
51 127 126.90692
51 128 127.90917
51 129 128.90915
51 130 129.91165
51 131 130.91199
51 132 131.91447
51 133 132.91525
51 134 133.92038
51 135 134.92517
51 136 135.93034
51 137 136.93530
51 138 137.94080
51 139 138.94598
52 105 104.94364
52 106 105.93750
52 107 106.93501
52 108 107.92944
52 109 108.92742
52 110 109.92241
52 111 110.92111
52 112 111.91701
52 113 112.91589
52 114 113.91209
52 115 114.91190
52 116 115.90846
52 117 116.90865
52 118 117.90583
52 119 118.90640
52 120 119.90402
52 121 120.90494
52 122 121.90305
52 123 122.90427
52 124 123.90282
52 125 124.90443
52 126 125.90331
52 127 126.90523
52 128 127.90446
52 129 128.90660
52 130 129.90622
52 131 130.90852
52 132 131.90855
52 133 132.91095
52 134 133.91136
52 135 134.91644
52 136 135.92010
52 137 136.92532
52 138 137.92921
52 139 138.93472
52 140 139.93884
52 141 140.94466
52 142 141.94908
53 108 107.94348
53 109 108.93815
53 110 109.93524
53 111 110.93028
53 112 111.92797
53 113 112.92364
53 114 113.92185
53 115 114.91805
53 116 115.91681
53 117 116.91365
53 118 117.91307
53 119 118.91007
53 120 119.91005
53 121 120.90736
53 122 121.90759
53 123 122.90559
53 124 123.90621
53 125 124.90463
53 126 125.90562
53 127 126.90447
53 128 127.90581
53 129 128.90498
53 130 129.90668
53 131 130.90613
53 132 131.90799
53 133 132.90779
53 134 133.90974
53 135 134.91005
53 136 135.91466
53 137 136.91788
53 138 137.92235
53 139 138.92610
53 140 139.93100
53 141 140.93503
53 142 141.94019
53 143 142.94456
53 144 143.95000
54 110 109.94428
54 111 110.94160
54 112 111.93562
54 113 112.93334
54 114 113.92798
54 115 114.92629
54 116 115.92158
54 117 116.92036
54 118 117.91618
54 119 118.91541
54 120 119.91178
54 121 120.91146
54 122 121.90837
54 123 122.90849
54 124 123.90589
54 125 124.90639
54 126 125.90427
54 127 126.90518
54 128 127.90353
54 129 128.90479
54 130 129.90350
54 131 130.90508
54 132 131.90416
54 133 132.90591
54 134 133.90540
54 135 134.90723
54 136 135.90723
54 137 136.91156
54 138 137.91396
54 139 138.91879
54 140 139.92165
54 141 140.92665
54 142 141.92970
54 143 142.93510
54 144 143.93851
54 145 144.94408
54 146 145.94775
54 147 146.95357
55 112 111.95030
55 113 112.94449
55 114 113.94145
55 115 114.93591
55 116 115.93337
55 117 116.92867
55 118 117.92656
55 119 118.92238
55 120 119.92068
55 121 120.91723
55 122 121.91611
55 123 122.91299
55 124 123.91225
55 125 124.90973
55 126 125.90945
55 127 126.90742
55 128 127.90775
55 129 128.90607
55 130 129.90671
55 131 130.90546
55 132 131.90643
55 133 132.90546
55 134 133.90672
55 135 134.90598
55 136 135.90732
55 137 136.90709
55 138 137.91101
55 139 138.91336
55 140 139.91728
55 141 140.92004
55 142 141.92430
55 143 142.92735
55 144 143.93208
55 145 144.93553
55 146 145.94029
55 147 146.94415
55 148 147.94922
55 149 148.95293
55 150 149.95818
55 151 150.96219
56 114 113.95068
56 115 114.94737
56 116 115.94138
56 117 116.93850
56 118 117.93304
56 119 118.93066
56 120 119.92604
56 121 120.92405
56 122 121.91990
56 123 122.91878
56 124 123.91509
56 125 124.91447
56 126 125.91125
56 127 126.91109
56 128 127.90832
56 129 128.90868
56 130 129.90633
56 131 130.90694
56 132 131.90506
56 133 132.90601
56 134 133.90451
56 135 134.90569
56 136 135.90457
56 137 136.90582
56 138 137.90524
56 139 138.90884
56 140 139.91060
56 141 140.91441
56 142 141.91646
56 143 142.92062
56 144 143.92296
56 145 144.92763
56 146 145.93022
56 147 146.93495
56 148 147.93771
56 149 148.94258
56 150 149.94568
56 151 150.95081
56 152 151.95427
56 153 152.95961
57 117 116.95007
57 118 117.94673
57 119 118.94099
57 120 119.93807
57 121 120.93301
57 122 121.93071
57 123 122.92624
57 124 123.92457
57 125 124.92081
57 126 125.91951
57 127 126.91637
57 128 127.91559
57 129 128.91269
57 130 129.91237
57 131 130.91006
57 132 131.91010
57 133 132.90822
57 134 133.90851
57 135 134.90698
57 136 135.90764
57 137 136.90649
57 138 137.90710
57 139 138.90636
57 140 139.90948
57 141 140.91096
57 142 141.91408
57 143 142.91606
57 144 143.91960
57 145 144.92165
57 146 145.92580
57 147 146.92824
57 148 147.93224
57 149 148.93472
57 150 149.93877
57 151 150.94173
57 152 151.94624
57 153 152.94962
57 154 153.95450
57 155 154.95834
58 119 118.95276
58 120 119.94664
58 121 120.94342
58 122 121.93791
58 123 122.93540
58 124 123.93041
58 125 124.92844
58 126 125.92397
58 127 126.92273
58 128 127.91891
58 129 128.91811
58 130 129.91473
58 131 130.91441
58 132 131.91145
58 133 132.91151
58 134 133.90892
58 135 134.90915
58 136 135.90717
58 137 136.90781
58 138 137.90599
58 139 138.90665
58 140 139.90544
58 141 140.90828
58 142 141.90924
58 143 142.91238
58 144 143.91365
58 145 144.91724
58 146 145.91876
58 147 146.92267
58 148 147.92442
58 149 148.92841
58 150 149.93040
58 151 150.93398
58 152 151.93654
58 153 152.94058
58 154 153.94342
58 155 154.94804
58 156 155.95126
58 157 156.95634
59 121 120.95536
59 122 121.95181
59 123 122.94596
59 124 123.94296
59 125 124.93783
59 126 125.93531
59 127 126.93083
59 128 127.92879
59 129 128.92509
59 130 129.92358
59 131 130.92026
59 132 131.91927
59 133 132.91634
59 134 133.91571
59 135 134.91312
59 136 135.91269
59 137 136.91071
59 138 137.91075
59 139 138.90894
59 140 139.90907
59 141 140.90765
59 142 141.91005
59 143 142.91081
59 144 143.91330
59 145 144.91451
59 146 145.91763
59 147 146.91899
59 148 147.92213
59 149 148.92372
59 150 149.92667
59 151 150.92831
59 152 151.93150
59 153 152.93384
59 154 153.93752
59 155 154.94012
59 156 155.94427
59 157 156.94743
59 158 157.95198
59 159 158.95551
60 124 123.95223
60 125 124.94888
60 126 125.94322
60 127 126.94050
60 128 127.93539
60 129 128.93320
60 130 129.92851
60 131 130.92725
60 132 131.92332
60 133 132.92235
60 134 133.91879
60 135 134.91818
60 136 135.91498
60 137 136.91457
60 138 137.91196
60 139 138.91197
60 140 139.90955
60 141 140.90961
60 142 141.90773
60 143 142.90982
60 144 143.91008
60 145 144.91257
60 146 145.91312
60 147 146.91611
60 148 147.91689
60 149 148.92015
60 150 149.92090
60 151 150.92383
60 152 151.92468
60 153 152.92770
60 154 153.92947
60 155 154.93294
60 156 155.93501
60 157 156.93903
60 158 157.94160
60 159 158.94609
60 160 159.94910
60 161 160.95387
61 126 125.95752
61 127 126.95163
61 128 127.94842
61 129 128.94316
61 130 129.94044
61 131 130.93587
61 132 131.93375
61 133 132.92978
61 134 133.92834
61 135 134.92488
61 136 135.92357
61 137 136.92049
61 138 137.91954
61 139 138.91681
61 140 139.91605
61 141 140.91356
61 142 141.91287
61 143 142.91093
61 144 143.91260
61 145 144.91275
61 146 145.91470
61 147 146.91515
61 148 147.91748
61 149 148.91833
61 150 149.92099
61 151 150.92120
61 152 151.92349
61 153 152.92412
61 154 153.92645
61 155 154.92810
61 156 155.93106
61 157 156.93304
61 158 157.93655
61 159 158.93896
61 160 159.94299
61 161 160.94586
61 162 161.95029
61 163 162.95367
62 128 127.95808
62 129 128.95464
62 130 129.94891
62 131 130.94611
62 132 131.94069
62 133 132.93867
62 134 133.93398
62 135 134.93253
62 136 135.92827
62 137 136.92697
62 138 137.92325
62 139 138.92230
62 140 139.91899
62 141 140.91847
62 142 141.91519
62 143 142.91463
62 144 143.91200
62 145 144.91341
62 146 145.91304
62 147 146.91490
62 148 147.91483
62 149 148.91719
62 150 149.91728
62 151 150.91994
62 152 151.91974
62 153 152.92210
62 154 153.92221
62 155 154.92464
62 156 155.92552
62 157 156.92836
62 158 157.92999
62 159 158.93321
62 160 159.93513
62 161 160.93883
62 162 161.94122
62 163 162.94536
62 164 163.94827
62 165 164.95297
63 130 129.96358
63 131 130.95775
63 132 131.95438
63 133 132.94923
63 134 133.94650
63 135 134.94182
63 136 135.93961
63 137 136.93558
63 138 137.93372
63 139 138.92979
63 140 139.92809
63 141 140.92493
63 142 141.92343
63 143 142.92030
63 144 143.91882
63 145 144.91626
63 146 145.91721
63 147 146.91675
63 148 147.91809
63 149 148.91794
63 150 149.91971
63 151 150.91985
63 152 151.92174
63 153 152.92123
63 154 153.92297
63 155 154.92290
63 156 155.92476
63 157 156.92543
63 158 157.92786
63 159 158.92909
63 160 159.93198
63 161 160.93369
63 162 161.93704
63 163 162.93921
63 164 163.94299
63 165 164.94572
63 166 165.94997
63 167 166.95322
64 134 133.95537
64 135 134.95258
64 136 135.94734
64 137 136.94502
64 138 137.94012
64 139 138.93823
64 140 139.93367
64 141 140.93213
64 142 141.92812
64 143 142.92674
64 144 143.92296
64 145 144.92171
64 146 145.91830
64 147 146.91910
64 148 147.91812
64 149 148.91934
64 150 149.91866
64 151 150.92035
64 152 151.91978
64 153 152.92175
64 154 153.92087
64 155 154.92262
64 156 155.92212
64 157 156.92397
64 158 157.92410
64 159 158.92639
64 160 159.92705
64 161 160.92967
64 162 161.93098
64 163 162.93399
64 164 163.93587
64 165 164.93938
64 166 165.94160
64 167 166.94557
64 168 167.94836
64 169 168.95287
65 136 135.96138
65 137 136.95598
65 138 137.95316
65 139 138.94829
65 140 139.94582
65 141 140.94145
65 142 141.93874
65 143 142.93512
65 144 143.93304
65 145 144.92928
65 146 145.92725
65 147 146.92404
65 148 147.92427
65 149 148.92325
65 150 149.92366
65 151 150.92310
65 152 151.92407
65 153 152.92343
65 154 153.92468
65 155 154.92351
65 156 155.92474
65 157 156.92403
65 158 157.92542
65 159 158.92535
65 160 159.92717
65 161 160.92757
65 162 161.92949
65 163 162.93065
65 164 163.93335
65 165 164.93488
65 166 165.93799
65 167 166.94005
65 168 167.94363
65 169 168.94621
65 170 169.95026
65 171 170.95329
66 138 137.96249
66 139 138.95953
66 140 139.95401
66 141 140.95135
66 142 141.94637
66 143 142.94383
66 144 143.93925
66 145 144.93742
66 146 145.93285
66 147 146.93109
66 148 147.92715
66 149 148.92731
66 150 149.92558
66 151 150.92618
66 152 151.92471
66 153 152.92577
66 154 153.92442
66 155 154.92575
66 156 155.92429
66 157 156.92546
66 158 157.92441
66 159 158.92574
66 160 159.92520
66 161 160.92694
66 162 161.92680
66 163 162.92873
66 164 163.92917
66 165 164.93170
66 166 165.93280
66 167 166.93565
66 168 167.93713
66 169 168.94031
66 170 169.94238
66 171 170.94620
66 172 171.94876
66 173 172.95300
67 140 139.96854
67 141 140.96310
67 142 141.95976
67 143 142.95461
67 144 143.95148
67 145 144.94720
67 146 145.94464
67 147 146.94006
67 148 147.93771
67 149 148.93378
67 150 149.93350
67 151 150.93169
67 152 151.93172
67 153 152.93021
67 154 153.93060
67 155 154.92911
67 156 155.92984
67 157 156.92825
67 158 157.92894
67 159 158.92772
67 160 159.92873
67 161 160.92786
67 162 161.92909
67 163 162.92874
67 164 163.93024
67 165 164.93033
67 166 165.93228
67 167 166.93314
67 168 167.93552
67 169 168.93687
67 170 169.93962
67 171 170.94147
67 172 171.94482
67 173 172.94730
67 174 173.95116
67 175 174.95406
68 143 142.96634
68 144 143.96037
68 145 144.95740
68 146 145.95200
68 147 146.94949
68 148 147.94455
68 149 148.94231
68 150 149.93791
68 151 150.93745
68 152 151.93504
68 153 152.93506
68 154 153.93279
68 155 154.93321
68 156 155.93106
68 157 156.93192
68 158 157.92989
68 159 158.93068
68 160 159.92908
68 161 160.92999
68 162 161.92877
68 163 162.93004
68 164 163.92920
68 165 164.93073
68 166 165.93030
68 167 166.93205
68 168 167.93237
68 169 168.93459
68 170 169.93547
68 171 170.93803
68 172 171.93936
68 173 172.94240
68 174 173.94423
68 175 174.94777
68 176 175.95007
68 177 176.95406
69 145 144.97008
69 146 145.96643
69 147 146.96095
69 148 147.95784
69 149 148.95271
69 150 149.94997
69 151 150.94548
69 152 151.94443
69 153 152.94202
69 154 153.94157
69 155 154.93919
69 156 155.93898
69 157 156.93697
69 158 157.93698
69 159 158.93498
69 160 159.93526
69 161 160.93355
69 162 161.93399
69 163 162.93265
69 164 163.93356
69 165 164.93243
69 166 165.93355
69 167 166.93285
69 168 167.93417
69 169 168.93422
69 170 169.93581
69 171 170.93643
69 172 171.93840
69 173 172.93961
69 174 173.94217
69 175 174.94383
69 176 175.94699
69 177 176.94904
69 178 177.95264
69 179 178.95534
70 148 147.96742
70 149 148.96404
70 150 149.95842
70 151 150.95540
70 152 151.95029
70 153 152.94948
70 154 153.94640
70 155 154.94579
70 156 155.94283
70 157 156.94263
70 158 157.93987
70 159 158.94005
70 160 159.93755
70 161 160.93790
70 162 161.93576
70 163 162.93634
70 164 163.93449
70 165 164.93529
70 166 165.93388
70 167 166.93495
70 168 167.93390
70 169 168.93520
70 170 169.93477
70 171 170.93633
70 172 171.93639
70 173 172.93822
70 174 173.93886
70 175 174.94127
70 176 175.94257
70 177 176.94527
70 178 177.94664
70 179 178.95016
70 180 179.95233
70 181 180.95615
71 150 149.97324
71 151 150.96758
71 152 151.96413
71 153 152.95877
71 154 153.95752
71 155 154.95432
71 156 155.95303
71 157 156.95010
71 158 157.94931
71 159 158.94662
71 160 159.94603
71 161 160.94357
71 162 161.94328
71 163 162.94118
71 164 163.94135
71 165 164.93941
71 166 165.93987
71 167 166.93826
71 168 167.93874
71 169 168.93765
71 170 169.93848
71 171 170.93791
71 172 171.93909
71 173 172.93893
71 174 173.94034
71 175 174.94077
71 176 175.94269
71 177 176.94376
71 178 177.94595
71 179 178.94733
71 180 179.94987
71 181 180.95197
71 182 181.95505
71 183 182.95757
71 184 183.96091
72 153 152.97069
72 154 153.96486
72 155 154.96339
72 156 155.95937
72 157 156.95840
72 158 157.95480
72 159 158.95399
72 160 159.95068
72 161 160.95027
72 162 161.94720
72 163 162.94708
72 164 163.94437
72 165 164.94456
72 166 165.94218
72 167 166.94260
72 168 167.94057
72 169 168.94125
72 170 169.93961
72 171 170.94049
72 172 171.93945
72 173 172.94051
72 174 173.94005
72 175 174.94151
72 176 175.94141
72 177 176.94322
72 178 177.94370
72 179 178.94582
72 180 179.94655
72 181 180.94910
72 182 181.95056
72 183 182.95354
72 184 183.95544
72 185 184.95882
72 186 185.96089
72 187 186.96458
72 188 187.96684
73 155 154.97459
73 156 155.97231
73 157 156.96819
73 158 157.96671
73 159 158.96301
73 160 159.96149
73 161 160.95842
73 162 161.95729
73 163 162.95433
73 164 163.95354
73 165 164.95078
73 166 165.95052
73 167 166.94809
73 168 167.94804
73 169 168.94601
73 170 169.94618
73 171 170.94447
73 172 171.94490
73 173 172.94376
73 174 173.94444
73 175 174.94374
73 176 175.94485
73 177 176.94447
73 178 177.94579
73 179 178.94592
73 180 179.94746
73 181 180.94800
73 182 181.95015
73 183 182.95137
73 184 183.95401
73 185 184.95557
73 186 185.95856
73 187 186.96053
73 188 187.96370
73 189 188.96584
73 190 189.96922
74 158 157.97456
74 159 158.97292
74 160 159.96848
74 161 160.96736
74 162 161.96350
74 163 162.96252
74 164 163.95895
74 165 164.95828
74 166 165.95503
74 167 166.95482
74 168 167.95181
74 169 168.95178
74 170 169.94923
74 171 170.94945
74 172 171.94730
74 173 172.94769
74 174 173.94608
74 175 174.94672
74 176 175.94563
74 177 176.94664
74 178 177.94588
74 179 178.94707
74 180 179.94670
74 181 180.94820
74 182 181.94821
74 183 182.95023
74 184 183.95093
74 185 184.95341
74 186 185.95436
74 187 186.95715
74 188 187.95850
74 189 188.96191
74 190 189.96318
74 191 190.96660
74 192 191.96817
75 160 159.98212
75 161 160.97758
75 162 161.97600
75 163 162.97208
75 164 163.97032
75 165 164.96709
75 166 165.96581
75 167 166.96260
75 168 167.96156
75 169 168.95879
75 170 169.95822
75 171 170.95572
75 172 171.95541
75 173 172.95325
75 174 173.95312
75 175 174.95139
75 176 175.95161
75 177 176.95033
75 178 177.95099
75 179 178.94998
75 180 179.95079
75 181 180.95007
75 182 181.95120
75 183 182.95082
75 184 183.95251
75 185 184.95296
75 186 185.95499
75 187 186.95575
75 188 187.95811
75 189 188.95923
75 190 189.96182
75 191 190.96312
75 192 191.96596
75 193 192.96747
75 194 193.97041
76 162 161.98444
76 163 162.98270
76 164 163.97804
76 165 164.97676
76 166 165.97269
76 167 166.97156
76 168 167.96780
76 169 168.96703
76 170 169.96358
76 171 170.96318
76 172 171.96002
76 173 172.95981
76 174 173.95706
76 175 174.95694
76 176 175.95480
76 177 176.95497
76 178 177.95325
76 179 178.95381
76 180 179.95238
76 181 180.95325
76 182 181.95210
76 183 182.95312
76 184 183.95248
76 185 184.95404
76 186 185.95384
76 187 186.95575
76 188 187.95584
76 189 188.95815
76 190 189.95845
76 191 190.96092
76 192 191.96149
76 193 192.96416
76 194 193.96518
76 195 194.96812
76 196 195.96964
77 164 163.99220
77 165 164.98752
77 166 165.98582
77 167 166.98166
77 168 167.97987
77 169 168.97629
77 170 169.97498
77 171 170.97163
77 172 171.97046
77 173 172.96750
77 174 173.96686
77 175 174.96411
77 176 175.96365
77 177 176.96130
77 178 177.96107
77 179 178.95912
77 180 179.95923
77 181 180.95763
77 182 181.95807
77 183 182.95685
77 184 183.95747
77 185 184.95670
77 186 185.95795
77 187 186.95737
77 188 187.95885
77 189 188.95872
77 190 189.96054
77 191 190.96059
77 192 191.96260
77 193 192.96292
77 194 193.96507
77 195 194.96597
77 196 195.96840
77 197 196.96965
77 198 197.97227
77 199 198.97380
78 166 165.99486
78 167 166.99298
78 168 167.98814
78 169 168.98672
78 170 169.98250
78 171 170.98125
78 172 171.97734
78 173 172.97644
78 174 173.97282
78 175 174.97243
78 176 175.96895
78 177 176.96848
78 178 177.96565
78 179 178.96536
78 180 179.96303
78 181 180.96310
78 182 181.96117
78 183 182.96159
78 184 183.95992
78 185 184.96062
78 186 185.95935
78 187 186.96059
78 188 187.95940
78 189 188.96083
78 190 189.95993
78 191 190.96167
78 192 191.96104
78 193 192.96298
78 194 193.96268
78 195 194.96480
78 196 195.96495
78 197 196.96735
78 198 197.96790
78 199 198.97060
78 200 199.97144
78 201 200.97450
78 202 201.97574
79 169 168.99808
79 170 169.99612
79 171 170.99188
79 172 171.99004
79 173 172.98624
79 174 173.98476
79 175 174.98128
79 176 175.98010
79 177 176.97687
79 178 177.97603
79 179 178.97321
79 180 179.97252
79 181 180.97008
79 182 181.96962
79 183 182.96759
79 184 183.96745
79 185 184.96579
79 186 185.96596
79 187 186.96457
79 188 187.96532
79 189 188.96394
79 190 189.96471
79 191 190.96370
79 192 191.96481
79 193 192.96416
79 194 193.96536
79 195 194.96504
79 196 195.96657
79 197 196.96657
79 198 197.96825
79 199 198.96877
79 200 199.97073
79 201 200.97166
79 202 201.97382
79 203 202.97516
79 204 203.97772
79 205 204.97987
80 171 171.00375
80 172 171.99883
80 173 172.99724
80 174 173.99286
80 175 174.99142
80 176 175.98735
80 177 176.98628
80 178 177.98248
80 179 178.98183
80 180 179.97827
80 181 180.97781
80 182 181.97469
80 183 182.97446
80 184 183.97171
80 185 184.97189
80 186 185.96936
80 187 186.96982
80 188 187.96758
80 189 188.96819
80 190 189.96632
80 191 190.96716
80 192 191.96564
80 193 192.96666
80 194 193.96544
80 195 194.96672
80 196 195.96584
80 197 196.96721
80 198 197.96677
80 199 198.96828
80 200 199.96832
80 201 200.97031
80 202 201.97064
80 203 202.97287
80 204 203.97350
80 205 204.97607
80 206 205.97751
80 207 206.98259
80 208 207.98595
80 209 208.99104
80 210 209.99451
81 176 176.00060
81 177 176.99643
81 178 177.99490
81 179 178.99109
81 180 179.98991
81 181 180.98625
81 182 181.98567
81 183 182.98219
81 184 183.98187
81 185 184.97879
81 186 185.97833
81 187 186.97591
81 188 187.97601
81 189 188.97359
81 190 189.97388
81 191 190.97179
81 192 191.97223
81 193 192.97067
81 194 193.97121
81 195 194.96977
81 196 195.97047
81 197 196.96957
81 198 197.97047
81 199 198.96988
81 200 199.97096
81 201 200.97083
81 202 201.97211
81 203 202.97235
81 204 203.97386
81 205 204.97443
81 206 205.97610
81 207 206.97742
81 208 207.98203
81 209 208.98535
81 210 209.99007
81 211 210.99348
81 212 211.99823
82 178 178.00383
82 179 179.00215
82 180 179.99792
82 181 180.99661
82 182 181.99268
82 183 182.99187
82 184 183.98814
82 185 184.98761
82 186 185.98424
82 187 186.98392
82 188 187.98088
82 189 188.98080
82 190 189.97809
82 191 190.97827
82 192 191.97578
82 193 192.97617
82 194 193.97401
82 195 194.97455
82 196 195.97278
82 197 196.97343
82 198 197.97203
82 199 198.97292
82 200 199.97183
82 201 200.97289
82 202 201.97215
82 203 202.97339
82 204 203.97304
82 205 204.97449
82 206 205.97447
82 207 206.97589
82 208 207.97665
82 209 208.98109
82 210 209.98419
82 211 210.98874
82 212 211.99190
82 213 212.99658
82 214 213.99980
82 215 215.00481
83 184 184.00111
83 185 184.99763
83 186 185.99660
83 187 186.99316
83 188 187.99226
83 189 188.98920
83 190 189.98830
83 191 190.98578
83 192 191.98546
83 193 192.98296
83 194 193.98283
83 195 194.98065
83 196 195.98067
83 197 196.97887
83 198 197.97922
83 199 198.97768
83 200 199.97813
83 201 200.97701
83 202 201.97774
83 203 202.97688
83 204 203.97781
83 205 204.97739
83 206 205.97850
83 207 206.97847
83 208 207.97974
83 209 208.98039
83 210 209.98412
83 211 210.98727
83 212 211.99129
83 213 212.99438
83 214 213.99872
83 215 215.00177
83 216 216.00630
83 217 217.00948
83 218 218.01431
84 188 187.99942
84 189 188.99847
84 190 189.99510
84 191 190.99457
84 192 191.99133
84 193 192.99103
84 194 193.98819
84 195 194.98811
84 196 195.98553
84 197 196.98566
84 198 197.98338
84 199 198.98367
84 200 199.98180
84 201 200.98225
84 202 201.98076
84 203 202.98141
84 204 203.98032
84 205 204.98120
84 206 205.98048
84 207 206.98160
84 208 207.98125
84 209 208.98244
84 210 209.98288
84 211 210.98665
84 212 211.98886
84 213 212.99286
84 214 213.99521
84 215 214.99942
84 216 216.00192
84 217 217.00633
84 218 218.00897
84 219 219.01373
84 220 220.01660
85 193 192.99985
85 194 193.99873
85 195 194.99626
85 196 195.99579
85 197 196.99319
85 198 197.99284
85 199 198.99052
85 200 199.99036
85 201 200.98842
85 202 201.98863
85 203 202.98694
85 204 203.98724
85 205 204.98607
85 206 205.98666
85 207 206.98578
85 208 207.98659
85 209 208.98618
85 210 209.98715
85 211 210.98750
85 212 211.99074
85 213 212.99294
85 214 213.99637
85 215 214.99866
85 216 216.00243
85 217 217.00471
85 218 218.00870
85 219 219.01117
85 220 220.01541
85 221 221.01805
85 222 222.02232
85 223 223.02519
86 195 195.00545
86 196 196.00212
86 197 197.00159
86 198 197.99867
86 199 198.99837
86 200 199.99570
86 201 200.99564
86 202 201.99326
86 203 202.99339
86 204 203.99142
86 205 204.99171
86 206 205.99022
86 207 206.99074
86 208 207.98964
86 209 208.99042
86 210 209.98970
86 211 210.99060
86 212 211.99071
86 213 212.99388
86 214 213.99536
86 215 214.99875
86 216 216.00027
86 217 217.00392
86 218 218.00560
86 219 219.00948
86 220 220.01140
86 221 221.01553
86 222 222.01758
86 223 223.02179
86 224 224.02409
86 225 225.02844
86 226 226.03088
86 227 227.03542
86 228 228.03799
87 199 199.00726
87 200 200.00658
87 201 201.00386
87 202 202.00337
87 203 203.00093
87 204 204.00066
87 205 204.99860
87 206 205.99867
87 207 206.99695
87 208 207.99715
87 209 208.99596
87 210 209.99641
87 211 210.99554
87 212 211.99620
87 213 212.99619
87 214 213.99898
87 215 215.00034
87 216 216.00320
87 217 217.00464
87 218 218.00758
87 219 219.00925
87 220 220.01233
87 221 221.01425
87 222 222.01755
87 223 223.01973
87 224 224.02325
87 225 225.02557
87 226 226.02939
87 227 227.03185
87 228 228.03574
87 229 229.03845
87 230 230.04251
87 231 231.04544
87 232 232.04977
88 202 202.00989
88 203 203.00928
88 204 204.00650
88 205 205.00627
88 206 206.00383
88 207 207.00380
88 208 208.00185
88 209 209.00198
88 210 210.00049
88 211 211.00090
88 212 211.99979
88 213 213.00038
88 214 214.00011
88 215 215.00272
88 216 216.00354
88 217 217.00632
88 218 218.00714
88 219 219.01009
88 220 220.01103
88 221 221.01392
88 222 222.01538
88 223 223.01851
88 224 224.02022
88 225 225.02361
88 226 226.02541
88 227 227.02917
88 228 228.03107
88 229 229.03496
88 230 230.03706
88 231 231.04121
88 232 232.04364
88 233 233.04807
88 234 234.05070
89 206 206.01450
89 207 207.01195
89 208 208.01155
89 209 209.00949
89 210 210.00945
89 211 211.00774
89 212 212.00781
89 213 213.00661
89 214 214.00690
89 215 215.00645
89 216 216.00871
89 217 217.00935
89 218 218.01164
89 219 219.01242
89 220 220.01477
89 221 221.01559
89 222 222.01784
89 223 223.01913
89 224 224.02173
89 225 225.02322
89 226 226.02609
89 227 227.02776
89 228 228.03102
89 229 229.03302
89 230 230.03629
89 231 231.03856
89 232 232.04202
89 233 233.04456
89 234 234.04842
89 235 235.05122
89 236 236.05530
90 209 209.01772
90 210 210.01508
90 211 211.01492
90 212 212.01299
90 213 213.01302
90 214 214.01151
90 215 215.01173
90 216 216.01106
90 217 217.01311
90 218 218.01329
90 219 219.01553
90 220 220.01575
90 221 221.01819
90 222 222.01846
90 223 223.02081
90 224 224.02147
90 225 225.02396
90 226 226.02490
90 227 227.02771
90 228 228.02875
90 229 229.03177
90 230 230.03313
90 231 231.03630
90 232 232.03806
90 233 233.04158
90 234 234.04359
90 235 235.04752
90 236 236.04987
90 237 237.05389
90 238 238.05650
91 212 212.02319
91 213 213.02110
91 214 214.02092
91 215 215.01920
91 216 216.01910
91 217 217.01833
91 218 218.02003
91 219 219.01988
91 220 220.02188
91 221 221.02188
91 222 222.02374
91 223 223.02396
91 224 224.02562
91 225 225.02612
91 226 226.02795
91 227 227.02881
91 228 228.03105
91 229 229.03209
91 230 230.03455
91 231 231.03589
91 232 232.03859
91 233 233.04025
91 234 234.04330
91 235 235.04544
91 236 236.04868
91 237 237.05115
91 238 238.05450
91 239 239.05727
91 240 240.06097
92 217 217.02437
92 218 218.02354
92 219 219.02492
92 220 220.02472
92 221 221.02640
92 222 222.02609
92 223 223.02774
92 224 224.02760
92 225 225.02939
92 226 226.02934
92 227 227.03116
92 228 228.03137
92 229 229.03351
92 230 230.03394
92 231 231.03630
92 232 232.03716
92 233 233.03964
92 234 234.04095
92 235 235.04393
92 236 236.04556
92 237 237.04874
92 238 238.05078
92 239 239.05429
92 240 240.05659
92 241 241.06033
92 242 242.06293
93 225 225.03391
93 226 226.03516
93 227 227.03496
93 228 228.03618
93 229 229.03625
93 230 230.03783
93 231 231.03825
93 232 232.04012
93 233 233.04074
93 234 234.04289
93 235 235.04407
93 236 236.04657
93 237 237.04817
93 238 238.05095
93 239 239.05293
93 240 240.05617
93 241 241.05824
93 242 242.06165
93 243 243.06429
93 244 244.06786
94 228 228.03874
94 229 229.04015
94 230 230.03966
94 231 231.04111
94 232 232.04118
94 233 233.04300
94 234 234.04332
94 235 235.04529
94 236 236.04605
94 237 237.04842
94 238 238.04956
94 239 239.05217
94 240 240.05382
94 241 241.05685
94 242 242.05875
94 243 243.06200
94 244 244.06421
94 245 245.06775
94 246 246.07021
94 247 247.07407
95 231 231.04556
95 232 232.04659
95 233 233.04636
95 234 234.04781
95 235 235.04794
95 236 236.04958
95 237 237.05000
95 238 238.05199
95 239 239.05302
95 240 240.05530
95 241 241.05682
95 242 242.05956
95 243 243.06139
95 244 244.06429
95 245 245.06645
95 246 246.06978
95 247 247.07208
95 248 248.07574
95 249 249.07848
96 233 233.05077
96 234 234.05016
96 235 235.05144
96 236 236.05141
96 237 237.05290
96 238 238.05302
96 239 239.05496
96 240 240.05553
96 241 241.05765
96 242 242.05884
96 243 243.06139
96 244 244.06276
96 245 245.06549
96 246 246.06723
96 247 247.07036
96 248 248.07234
96 249 249.07596
96 250 250.07835
96 251 251.08229
96 252 252.08487
97 235 235.05658
97 236 236.05733
97 237 237.05701
97 238 238.05827
97 239 239.05827
97 240 240.05975
97 241 241.06023
97 242 242.06198
97 243 243.06300
97 244 244.06519
97 245 245.06636
97 246 246.06866
97 247 247.07031
97 248 248.07309
97 249 249.07498
97 250 250.07832
97 251 251.08076
97 252 252.08430
97 253 253.08688
97 254 254.09061
98 237 237.06207
98 238 238.06142
98 239 239.06242
98 240 240.06230
98 241 241.06374
98 242 242.06371
98 243 243.06543
98 244 244.06599
98 245 245.06805
98 246 246.06880
98 247 247.07100
98 248 248.07219
98 249 249.07486
98 250 250.07640
98 251 251.07959
98 252 252.08162
98 253 253.08513
98 254 254.08733
98 255 255.09105
98 256 256.09344
99 240 240.06892
99 241 241.06854
99 242 242.06975
99 243 243.06955
99 244 244.07088
99 245 245.07132
99 246 246.07291
99 247 247.07365
99 248 248.07547
99 249 249.07642
99 250 250.07861
99 251 251.07999
99 252 252.08298
99 253 253.08482
99 254 254.08803
99 255 255.09027
99 256 256.09360
99 257 257.09598
99 258 258.09952
100 242 242.07343
100 243 243.07436
100 244 244.07408
100 245 245.07539
100 246 246.07530
100 247 247.07684
100 248 248.07719
100 249 249.07903
100 250 250.07951
100 251 251.08157
100 252 252.08247
100 253 253.08519
100 254 254.08685
100 255 255.08997
100 256 256.09177
100 257 257.09509
100 258 258.09708
100 259 259.10059
100 260 260.10269
101 245 245.08083
101 246 246.08189
101 247 247.08163
101 248 248.08282
101 249 249.08301
101 250 250.08443
101 251 251.08484
101 252 252.08656
101 253 253.08728
101 254 254.08966
101 255 255.09108
101 256 256.09406
101 257 257.09555
101 258 258.09842
101 259 259.10052
101 260 260.10364
101 261 261.10571
101 262 262.10886
102 248 248.08659
102 249 249.08783
102 250 250.08751
102 251 251.08900
102 252 252.08897
102 253 253.09068
102 254 254.09096
102 255 255.09325
102 256 256.09427
102 257 257.09686
102 258 258.09821
102 259 259.10104
102 260 260.10263
102 261 261.10574
102 262 262.10730
102 263 263.11057
102 264 264.11234
103 251 251.09436
103 252 252.09537
103 253 253.09521
103 254 254.09645
103 255 255.09668
103 256 256.09863
103 257 257.09955
103 258 258.10181
103 259 259.10291
103 260 260.10550
103 261 261.10687
103 262 262.10962
103 263 263.11130
103 264 264.11404
103 265 265.11584
103 266 266.11932
104 253 253.10069
104 254 254.10017
104 255 255.10133
104 256 256.10117
104 257 257.10300
104 258 258.10349
104 259 259.10565
104 260 260.10645
104 261 261.10876
104 262 262.10992
104 263 263.11255
104 264 264.11398
104 265 265.11670
104 266 266.11795
104 267 267.12152
104 268 268.12363
105 255 255.10741
105 256 256.10812
105 257 257.10773
105 258 258.10922
105 259 259.10962
105 260 260.11130
105 261 261.11206
105 262 262.11407
105 263 263.11499
105 264 264.11740
105 265 265.11859
105 266 266.12103
105 267 267.12238
105 268 268.12546
105 269 269.12747
105 270 270.13071
106 258 258.11316
106 259 259.11450
106 260 260.11441
106 261 261.11612
106 262 262.11639
106 263 263.11832
106 264 264.11893
106 265 265.12112
106 266 266.12207
106 267 267.12442
106 268 268.12561
106 269 269.12875
106 270 270.13034
106 271 271.13348
106 272 272.13516
106 273 273.13821
107 260 260.12198
107 261 261.12167
107 262 262.12289
107 263 263.12305
107 264 264.12460
107 265 265.12515
107 266 266.12695
107 267 267.12766
107 268 268.12976
107 269 269.13068
107 270 270.13361
107 271 271.13519
107 272 272.13803
107 273 273.13962
107 274 274.14243
107 275 275.14426
108 263 263.12857
108 264 264.12839
108 265 265.13010
108 266 266.13010
108 267 267.13177
108 268 268.13217
108 269 269.13406
108 270 270.13464
108 271 271.13766
108 272 272.13904
108 273 273.14200
108 274 274.14313
108 275 275.14594
108 276 276.14722
108 277 277.14984
109 265 265.13614
109 266 266.13730
109 267 267.13730
109 268 268.13873
109 269 269.13907
109 270 270.14066
109 271 271.14114
109 272 272.14374
109 273 273.14490
109 274 274.14749
109 275 275.14865
109 276 276.15115
109 277 277.15240
109 278 278.15482
109 279 279.15619
110 267 267.14435
110 268 268.14380
110 269 269.14511
110 270 270.14471
110 271 271.14606
110 272 272.14633
110 273 273.14886
110 274 274.14948
110 275 275.15219
110 276 276.15302
110 277 277.15564
110 278 278.15646
110 279 279.15887
110 280 280.15979
110 281 281.16205
111 272 272.15363
111 273 273.15369
111 274 274.15570
111 275 275.15613
111 276 276.15848
111 277 277.15952
111 278 278.16159
111 279 279.16248
111 280 280.16446
111 281 281.16537
111 282 282.16748
111 283 283.16843
112 277 277.16394
112 278 278.16431
112 279 279.16656
112 280 280.16705
112 281 281.16928
112 282 282.16977
112 283 283.17178
112 284 284.17239
112 285 285.17410
113 283 283.17645
113 284 284.17807
113 285 285.17874
113 286 286.18048
113 287 287.18106
114 285 285.18369
114 286 286.18387
114 287 287.18561
114 288 288.18570
114 289 289.18729
115 287 287.19119
115 288 288.19250
115 289 289.19272
115 290 290.19415
115 291 291.19437
116 289 289.19885
116 290 290.19858
116 291 291.20001
116 292 292.19980
117 291 291.20657
117 292 292.20755
118 293 293.21466
